-1.0114 -0.62151
-1.2638 5.4766
-0.67676 5.9331
-3.1854 3.2017
-1.3166 -0.61175
0.45652 -2.285
-2.6126 6.4145
-2.3738 6.5892
0.73525 -1.9707
0.27464 3.5126
-2.1943 4.4906
-0.83114 0.47342
-0.68996 2.5358
-3.499 -0.82909
-2.5575 3.7952
-1.8103 -2.5499
-0.39511 -0.71821
0.083146 6.0633
-0.48856 4.1944
-0.80785 -1.5519
-0.79547 -1.5953
-2.0382 1.8198
-0.73814 8.2984
-2.3804 6.1978
-0.90103 1.5301
-2.1248 2.5489
-3.0324 -3.0204
0.90528 3.1017
0.13049 2.0631
-1.3632 5.3023
-3.9055 1.9612
0.092466 0.54848
-3.3255 3.6208
-1.2648 -1.5031
-2.0894 8.5604
-2.9621 2.7133
-0.42644 -1.4947
-3.0013 -1.4101
-1.9222 6.127
-2.3311 6.326
-0.47793 -3.7167
-2.0658 3.3072
0.48575 -1.0662
-0.62614 0.28594
0.85178 5.2026
-1.3816 3.0525
-2.571 1.4587
-0.50771 -1.1003
-1.2667 4.3994
-0.98156 2.3009
-0.62869 4.9656
1.35 3.8189
-4.2093 7.704
-0.013938 -5.2475
0.46222 1.6342
-2.8065 4.574
-0.16365 4.6641
-2.1812 8.9697
2.2972 1.3839
0.34514 -1.7864
-0.63855 6.8761
1.422 1.7059
-1.8766 2.3343
0.35854 1.56
-2.9459 3.1253
-1.2698 4.4968
-0.85956 4.0565
0.60157 3.1586
-1.061 -0.31898
-1.8476 4.1638
-0.37319 2.5691
-0.87006 2.9445
-1.0692 1.6945
-1.5723 4.3941
-2.9486 5.1383
-4.0793 2.744
0.33415 -0.64387
-1.1705 1.3899
0.21468 1.3194
-0.33663 -0.76463
-3.3991 8.6607
-0.71381 3.5939
0.59818 5.8287
-1.204 0.68067
2.1266 -3.6258
1.0369 0.26195
1.11 2.0678
-1.2502 -2.5878
0.034092 2.0691
-1.2251 2.4606
-1.8517 4.0937
-1.4442 4.878
0.54764 1.121
-1.5344 -0.62693
-0.74137 1.3948
-3.0297 7.2853
0.46386 -3.2384
-0.35063 0.92252
0.10378 1.926
-1.1163 -8.2785
-0.74431 4.4908
0.34095 3.7055
-0.70754 1.6304
0.8956 -0.28873
-2.6348 7.2585
-2.3014 3.2989
-1.857 -1.2091
0.31245 3.235
-1.6419 1.0419
-0.96719 5.829
-0.57916 0.33981
-2.9524 5.6036
-2.2606 2.7951
-0.79275 -2.3208
0.16815 1.4436
-2.7834 4.5829
-2.7146 4.5845
-2.4232 4.5929
1.3668 -0.44363
-1.5705 -1.3514
-1.9401 3.3976
-1.4154 -0.13981
-0.56296 4.1693
-0.18073 0.44731
0.70056 -2.1001
-0.85442 0.32114
-2.1233 5.6532
0.40202 0.020861
1.2718 0.43598
-0.81699 1.1114
-2.0634 2.6885
-0.46229 1.1595
-2.2167 1.7566
-3.7224 8.0209
-2.2883 4.5171
0.39952 2.5772
-1.6594 6.1489
-1.4921 4.8076
-1.1166 1.1719
-1.4045 4.9528
-2.9218 2.0601
1.6954 2.2255
0.86475 0.52098
-1.1904 2.2094
-1.1555 0.032102
-0.94467 3.2543
-0.98798 -2.4369
-0.25116 2.5379
-1.4272 4.3048
-1.0656 3.5649
-0.80333 1.3725
-0.38641 1.4054
-0.55078 0.9803
-0.90441 0.12446
-0.76498 3.6956
-1.9752 5.2385
0.36523 3.4773
0.12395 0.24613
0.19757 1.7589
-1.4943 2.1532
0.46933 1.2255
-3.388 3.1564
-0.94176 0.81691
-1.138 -1.8248
0.053988 1.8592
1.2969 -0.2199
1.1616 1.6655
-1.3368 1.3375
0.27143 1.8832
-2.3457 -0.52518
-1.9785 2.3068
-0.2731 2.9826
-0.57917 4.3993
1.5895 -0.077478
-2.046 2.0024
-1.3382 1.4227
0.13932 2.2145
-3.3639 10.417
0.69242 3.9777
0.075955 0.040886
-1.7465 4.8647
-0.42324 5.1599
0.43563 -4.3629
-0.36994 4.3394
-0.58324 0.70019
0.088551 5.7387
-1.6936 2.2488
-0.54288 3.5101
-0.93582 1.2328
1.5911 2.618
-2.4955 5.9245
0.9686 1.1856
-1.9905 4.0252
-1.2104 0.68663
-3.3703 4.7998
-0.95631 1.1587
2.096 -3.5947
-0.74963 -2.288
-3.968 4.0829
0.057143 3.3932
-0.59381 -3.4297
0.30586 -0.046902
-1.8319 -0.21288
1.2518 -1.249
-2.0473 5.549
-2.7393 3.1654
1.1455 0.49561
-2.1274 4.1259
-2.1823 3.9226
-1.1967 3.1046
0.53235 5.2395
-2.728 4.0595
-1.1957 4.1464
-5.1594 6.1758
1.3655 -5.8407
-0.99952 -1.6422
-1.363 0.68414
-1.9215 4.785
-4.8737 6.8246
0.99983 1.9383
0.33598 -5.5921
-0.55609 3.0501
-0.042523 2.5656
-3.8236 5.021
-0.46702 2.7755
-1.9325 3.3024
-1.6855 -0.060677
-1.9907 3.5741
-0.69521 3.5759
-2.4147 4.2598
-1.2776 -4.9061
-0.80074 -1.1016
-1.0171 3.3857
2.127 -0.7047
-1.7188 -0.85703
-2.9024 4.7579
1.9292 -0.66442
-0.5759 1.5795
1.6952 -0.067947
-0.44583 -1.9243
1.1987 0.15584
0.96361 1.2651
-0.53401 4.8498
-1.1718 2.2212
-2.508 4.4207
-0.32168 1.6793
-2.405 3.9507
-2.312 6.2402
-0.82798 2.2137
0.27456 1.6866
-2.3355 2.0986
-3.4831 2.5881
-2.2681 4.4936
-1.2279 -0.47374
-4.5034 6.0811
-2.3219 3.0341
-1.6623 -0.67549
-1.4836 2.9942
0.068537 4.2157
2.2527 1.6206
-1.7269 -0.054161
-0.8674 0.75878
-1.6306 3.5751
0.34116 0.99126
0.80975 3.9399
-1.2079 4.5359
-0.63385 -2.8755
-0.49449 1.1748
-0.55234 4.3047
-1.1615 0.76489
-0.83168 2.5385
-1.595 1.6397
0.18493 1.0801
-1.911 0.83928
0.76217 -1.9349
-1.5705 1.8969
-1.8791 1.2661
1.9202 1.3375
-0.20726 1.4927
-0.50993 4.9698
-2.2336 -0.26226
0.30757 -2.1325
-0.4921 4.5916
0.44291 -1.1016
-0.81999 3.2235
-2.6648 1.907
0.16161 -2.5193
0.58563 -1.2529
-4.5362 4.3228
-1.3066 4.7175
-0.84695 -5.2065
-2.0941 5.1819
-0.49317 0.17813
-3.179 2.8805
-1.7715 3.2995
-0.59457 -1.2769
-1.2326 3.506
-0.95468 -3.2955
-0.94701 1.2959
0.53178 2.7642
-1.9964 5.825
-1.89 3.5931
-0.44363 2.7266
-0.68325 4.3328
-2.3423 3.7563
-0.58595 -2.063
-1.8785 4.0661
0.50098 3.6106
0.089088 5.5519
-3.349 5.5841
-1.6522 2.3156
-1.536 1.5838
0.72648 2.9658
-2.1237 6.709
-0.88819 4.8262
-1.2379 1.7279
-0.28588 1.4978
0.29093 1.732
-2.8237 8.713
-0.091274 -1.9166
0.88296 -1.3413
0.42176 2.2567
-1.3514 3.4912
-3.105 -0.65808
-2.0518 1.7717
-0.54094 0.58213
-0.64054 -0.30194
-0.45594 1.1716
-1.9304 4.0441
-3.3454 8.1453
-0.37633 3.8916
-0.93886 -0.23074
-1.8874 1.3414
-0.21591 2.4702
0.53499 4.5885
-1.3778 6.7083
0.037368 3.9446
-4.2305 6.0816
-0.14546 -4.085
0.12573 1.617
-2.9653 4.8209
-1.777 6.7208
-0.48428 -6.5631
0.75245 2.7161
0.20014 2.7088
-2.0441 1.4304
-1.9028 -3.0659
-1.4662 1.955
-0.1662 -0.74586
-0.30715 5.7486
-0.73754 -0.46452
-2.7888 2.2567
-1.4974 2.7209
0.54994 -2.5583
-0.24419 5.2979
2.382 -2.9024
-0.16436 -1.0938
-3.3597 10.305
0.36943 2.2929
-1.103 0.69054
-1.3115 7.9472
-2.0832 3.8018
-1.4259 4.523
-1.2031 7.1955
-0.45448 -0.5038
-3.0593 0.68613
-1.4635 -1.7107
-3.1087 5.3427
-0.0028603 6.1435
-1.1644 0.7427
-1.2643 0.65615
-1.4353 0.092656
-1.2707 2.005
-1.7191 0.81455
1.9326 -4.3728
-1.0237 3.6879
-1.5698 5.9547
-0.15409 1.738
-0.66644 -5.3006
-2.9986 1.2869
-3.2128 7.2086
-2.0498 4.184
-0.9539 6.4506
0.65772 -1.3029
-1.8351 -0.78994
-1.1921 0.67798
-2.0061 4.4208
-0.42667 -0.51532
-1.8497 4.5517
-0.28834 0.39723
-2.8548 3.8847
-0.48368 1.5372
-2.5127 9.7495
-0.43303 3.2302
-1.0259 0.61552
-1.656 1.6801
-1.8009 1.8258
-2.2795 -1.5322
-1.1615 6.0358
-3.3117 4.5046
-3.4519 7.871
-3.5781 5.5133
0.82864 -2.4753
0.00060591 3.3656
1.0936 3.6282
-0.52943 1.8672
-0.036772 -0.89712
0.32993 2.9387
0.082476 5.1594
0.67358 1.3063
-0.92025 1.0665
-0.03108 -3.1416
-2.3365 2.8107
-0.51235 0.9382
-1.6395 -3.0155
-0.63438 0.16869
-2.6751 3.3859
-0.63259 0.061698
-1.2909 -2.5007
-2.4881 9.4842
0.082237 2.2332
-4.6122 7.723
0.069686 -4.215
0.88132 1.1228
-1.0693 0.75613
-2.2259 6.8124
-2.5066 2.9364
-1.2175 -0.61866
-0.039725 5.0367
1.4921 7.3893
-1.9715 2.7384
-0.29629 -3.4731
-0.87015 1.9475
-2.3047 -0.11715
-2.3144 -0.23911
-1.6595 7.6847
1.4214 -2.1033
-0.83235 0.83868
-1.5341 2.5917
-1.8146 -5.0861
-1.3018 2.7481
-0.036987 0.49915
-1.7008 1.9276
1.6624 -2.7375
-1.7734 1.5639
-1.4835 -0.62958
-0.39979 5.6213
-1.7703 -0.79839
-1.3291 2.0356
1.0286 -2.7755
0.45872 2.2313
3.0077 -5.387
-0.33654 -1.3626
-1.4015 5.1018
-2.3326 6.006
-1.4985 -2.9128
0.43367 2.085
-0.75777 8.3824
-1.7665 -0.28673
-2.2855 6.1391
-1.5351 3.9134
-0.95553 2.8581
-0.99036 4.1506
-0.58094 4.0862
-1.3056 1.7727
0.59951 0.34612
0.82843 3.5025
-1.0956 -2.3845
-1.7983 1.2578
-3.4979 0.87943
-0.018854 -0.017761
-2.378 -0.4845
-2.6421 7.2415
-4.6427 5.3278
-1.5319 -0.043972
-0.10176 3.971
-1.5642 2.5337
-0.59836 3.3157
-1.9457 3.2932
-1.1439 9.098
-0.47623 4.0061
0.09779 -0.16373
1.5635 -0.8703
-1.623 2.6011
-2.7668 4.0104
-1.7987 1.0857
1.25 0.35141
0.59301 2.1974
-3.612 7.2905
0.29244 1.8561
-2.7709 3.2368
-0.10179 -2.3919
-0.34623 -0.82029
-1.3172 4.6178
-2.0383 1.0754
-0.054663 5.7288
-0.14655 1.5394
-1.6423 2.5008
-1.5116 2.5248
0.33152 8.756
