4.7286 -12.603
3.588 -13.848
7.4761 -8.9347
4.9308 -15.448
8.9031 -10.424
6.2205 -14.735
5.0928 -11.6
1.6427 -17.615
6.0395 -9.0833
6.6611 -11.868
6.4468 -11.96
3.8128 -13.107
3.2659 -11.369
9.4773 -10.311
6.4434 -12.694
7.339 -10.683
4.5685 -14.113
6.7032 -13.893
8.7387 -7.9793
2.875 -15.205
5.6055 -13.143
6.6127 -12.013
8.132 -10.297
5.2733 -14.074
4.7492 -15.209
1.2406 -13.077
4.8455 -12.104
7.3961 -10.534
4.3697 -11.864
5.8294 -12.66
7.2316 -11.392
3.4527 -14.631
7.062 -10.186
7.1362 -11.563
6.0747 -12.61
9.2787 -8.0803
7.799 -9.3578
5.0723 -12.347
4.8731 -14.138
4.7745 -13.183
6.3781 -13.207
6.5001 -12.224
4.4834 -14.142
9.4171 -5.3507
6.725 -10.451
9.2346 -8.218
7.3684 -9.0998
4.1908 -13.801
2.6661 -15.211
5.6417 -15.103
7.4434 -9.5355
8.4059 -8.1669
6.33 -11.749
3.6535 -17.732
7.0956 -8.9678
6.3055 -8.3135
5.1183 -12.135
5.9242 -12.147
5.1381 -12.593
5.4982 -13.575
7.0016 -9.9629
3.4724 -11.766
7.46 -9.7399
4.3411 -13.069
8.729 -9.195
4.1554 -15.239
4.9618 -14.521
4.1617 -14.254
5.6409 -10.951
8.0389 -10.298
3.3806 -15.603
6.4206 -12.371
5.9759 -12.511
5.2783 -13.408
4.4444 -16.895
4.2497 -13.081
9.718 -5.7286
3.9145 -13.061
5.3887 -9.7352
5.0615 -10.589
2.4942 -16.791
5.0353 -14.882
3.5833 -14.847
2.3169 -15.219
6.8761 -9.5187
4.5851 -14.719
6.9534 -10.864
6.8042 -11.609
7.8666 -9.5815
3.9945 -13.982
6.1659 -13.058
3.861 -14.116
4.8177 -12.072
8.2262 -13.667
5.9189 -13.03
7.6416 -11.125
5.5232 -11.306
4.3018 -15.113
8.5017 -11.716
7.2205 -9.3886
5.4418 -11.867
7.2787 -10.947
7.2904 -8.4494
5.7484 -13.306
5.6867 -13.126
7.4195 -11.404
6.3463 -13.128
5.7294 -11.34
4.5847 -12.228
5.9556 -10.094
8.8253 -8.392
8.2281 -12.58
7.6083 -11.328
4.9585 -11.491
4.7932 -13.641
7.8969 -11.36
6.4266 -12.812
5.1027 -11.225
4.7592 -12.626
7.3139 -11.551
4.7225 -10.655
4.1238 -14.242
7.5954 -11.42
5.3375 -11.72
4.7046 -13.777
4.3138 -12.677
5.5301 -14.192
1.9123 -16.594
2.6776 -16.042
9.2195 -8.7183
5.881 -11.625
7.5271 -11.422
4.2492 -13.973
7.8365 -10.89
3.5173 -13.973
3.5832 -14.45
7.613 -8.1529
4.7757 -13.073
5.5947 -10.373
5.7276 -15.923
2.887 -16.111
9.405 -7.6432
5.6495 -12.507
8.6764 -11.699
7.2867 -12.09
8.3049 -11.112
6.1539 -13.987
8.0268 -10.593
4.6645 -13.79
7.4001 -10.073
3.8505 -14.298
3.1497 -15.125
4.2606 -15.017
4.6329 -11.86
6.1952 -11.974
7.495 -9.3248
5.4839 -12.687
8.7162 -8.9927
3.202 -13.619
5.4937 -13.23
6.4892 -9.5664
4.2482 -13.303
7.054 -9.1358
4.5682 -10.089
5.9997 -12.6
3.8151 -15.426
5.5211 -12.37
7.2193 -11.225
5.2416 -12.359
8.0807 -7.5257
3.9805 -15.983
7.3011 -9.1773
7.1025 -10.729
3.3501 -13.628
7.4974 -9.6574
6.8132 -8.7755
1.5627 -15.238
8.7988 -11.659
5.2889 -14.9
8.7596 -11.047
7.2636 -11.76
7.3967 -9.3408
5.3785 -11.182
3.4993 -12.966
0.75486 -16.507
5.0132 -11.949
5.0696 -15.303
5.5835 -12.442
6.5686 -14.422
3.5465 -16.824
8.3192 -10.377
5.5809 -12.712
8.1039 -11.015
2.3353 -14.255
0.14404 -18.325
4.8532 -14.132
5.415 -13.694
5.3731 -14.902
7.4756 -10.316
6.1905 -9.9189
5.5496 -12.936
5.3522 -11.299
3.9824 -11.275
9.1406 -12.489
4.6926 -12.409
7.047 -9.8839
4.2811 -13.276
4.6474 -12.571
3.4592 -12.123
8.4284 -8.5435
5.0186 -11.997
7.3662 -12.794
2.6895 -14.066
3.5097 -12.929
4.8401 -11.458
6.5559 -13.179
6.8812 -12.49
10.842 -8.4927
4.3706 -16.76
4.8074 -11.437
6.2349 -11.749
7.1512 -11.408
7.6001 -11.075
4.8697 -12.272
3.9779 -12.659
3.7489 -16.515
6.3944 -10.421
3.7383 -14.61
5.5169 -13.8
6.1818 -12.323
6.8958 -12.368
3.8634 -15.976
4.537 -11.917
8.4117 -9.8242
5.1899 -16.341
4.8223 -12.575
8.2958 -9.1611
7.8979 -7.5145
8.6856 -13.733
6.3002 -11.547
5.7949 -8.4924
6.3772 -13.679
7.8037 -9.9459
3.8522 -12.793
4.0911 -12.174
7.3475 -8.514
4.2861 -15.876
7.8335 -11.103
7.8535 -9.3611
8.1241 -11.739
6.2033 -9.3802
5.1959 -12.326
6.3652 -12.64
5.739 -13.387
3.8003 -14.555
5.5903 -13.231
6.9294 -10.069
9.0743 -11.107
2.2857 -15.089
6.7518 -9.9914
7.4092 -8.4095
6.4585 -10.796
7.9161 -10.83
8.369 -10.102
5.2952 -12.737
5.0999 -13.299
7.3534 -11.698
5.9769 -11.466
5.3257 -13.781
6.7022 -8.7313
6.5987 -11.795
5.7913 -12.721
5.7192 -12.024
6.866 -11.753
6.2389 -10.915
6.3661 -12.845
4.6381 -11.602
3.7286 -15.146
5.1052 -12.132
6.2049 -11.653
6.6926 -10.499
7.772 -11.386
5.4511 -12.906
8.2829 -9.7311
6.3183 -11.029
2.7948 -16.207
2.5601 -14.183
4.5682 -15.314
3.9968 -11.366
4.7505 -11.654
8.101 -7.481
6.0363 -12.217
9.0231 -7.9892
7.218 -10.302
7.0655 -13.249
2.1218 -13.435
5.7983 -14.349
6.5072 -12.636
5.8968 -11.419
4.7979 -11.988
3.7545 -13.475
8.1885 -8.949
7.7108 -9.193
7.3343 -15.241
5.7911 -11.187
7.3437 -12.636
4.0261 -12.991
5.7478 -13.164
2.4423 -13.523
7.4332 -8.4451
4.3205 -12.857
6.6726 -9.6148
2.4532 -14.658
4.724 -11.411
6.4635 -11.859
4.2282 -12.509
4.3523 -14.038
7.8884 -11.93
6.3886 -11.829
5.7444 -10.778
7.8549 -6.6683
8.1172 -12.359
7.5395 -9.3359
6.6255 -10.572
7.4039 -12.096
5.4292 -10.804
5.4846 -11.619
4.9403 -14.167
5.7323 -11.684
7.7977 -9.8809
4.6753 -13.261
7.5943 -8.8513
8.6327 -9.1022
5.4292 -13.554
4.38 -11.375
5.8015 -12.193
6.0733 -12.692
10.618 -7.9859
5.5709 -14.69
7.0544 -10.256
7.9681 -8.7895
7.7675 -11.345
6.8625 -10.472
2.6124 -13.976
4.804 -11.351
4.9268 -14.391
10.026 -8.0368
7.2515 -9.9963
6.9853 -9.9384
2.2708 -12.463
4.9155 -13.349
6.0621 -10.715
5.9488 -13.209
6.2902 -11.184
9.1229 -11.039
8.686 -8.4744
4.133 -11.89
6.4299 -10.243
4.5191 -13.498
5.9101 -12.793
2.3329 -14.215
7.4676 -12.365
4.0528 -14.296
4.1319 -14.231
5.0146 -13.886
7.8424 -8.3738
3.3871 -15.813
7.2905 -13.294
8.394 -11.717
7.1419 -12.348
4.2677 -9.903
8.1909 -10.61
3.6707 -12.395
3.9632 -15.342
7.3569 -11.478
6.7407 -11.87
5.0113 -13.889
5.0695 -15.332
4.834 -11.641
6.7124 -10.933
4.8654 -12.701
8.2033 -8.0042
6.3289 -13.202
5.5473 -13.769
6.0158 -12.802
8.1042 -12.254
7.9687 -10.79
4.8488 -13.029
9.4443 -10.013
6.0658 -9.7003
6.3215 -12.726
6.3058 -11.023
3.3339 -12.258
7.5216 -9.6848
1.1484 -13.264
8.2029 -9.6038
7.1785 -9.1437
7.5469 -10.26
6.4218 -12.206
7.1426 -10.172
3.7658 -12.918
6.1952 -13.251
9.8425 -9.1164
7.5403 -5.4215
2.6318 -14.28
7.5881 -8.8982
8.1157 -8.1236
5.1662 -11.775
5.8654 -11.375
5.59 -14.947
8.4046 -10.261
6.4821 -10.479
4.9119 -13.527
2.9004 -12.544
3.9862 -14.55
7.0401 -11.228
5.0121 -13.026
6.2332 -12.554
7.2942 -11.505
5.5703 -10.622
6.4347 -13.087
6.8878 -11.966
4.1925 -12.07
3.4198 -14.847
8.6208 -8.779
7.0968 -12.352
3.2587 -13.306
8.124 -9.1277
5.3514 -13.801
8.6716 -10.942
4.3074 -13.287
3.6963 -13.13
3.3143 -16.589
7.2736 -9.6488
6.0651 -13.336
6.7497 -12.565
8.6055 -12.505
7.813 -10.457
6.7805 -12.566
3.044 -15.434
8.4571 -9.9377
6.6533 -11.88
8.0383 -11.102
4.7314 -13.22
9.7324 -7.4951
6.1595 -13.017
7.1484 -9.6478
6.4555 -9.7133
0.68521 -17.871
5.0891 -11.096
4.8206 -12.51
1.1187 -18.046
4.3533 -12.818
6.2927 -10.285
5.3507 -12.839
5.1667 -12.306
5.6739 -14.231
5.8559 -10.952
4.0661 -14.333
3.519 -12.776
7.3422 -10.383
6.268 -10.818
7.7629 -8.576
6.298 -14.144
5.8315 -12.636
5.7409 -10.309
8.4369 -11.562
7.5566 -9.0971
8.0494 -10.045
6.7781 -11.404
4.4864 -12.331
4.4469 -13.052
5.7366 -12.975
6.9125 -11.238
5.6012 -12.782
6.8671 -13.138
5.6642 -11.79
6.4275 -9.7752
5.3793 -9.2681
6.2667 -12.776
7.8353 -10.277
3.3597 -17.462
6.5171 -11.772
7.6094 -6.3894
6.2089 -12.288
3.8457 -14.203
2.9533 -14.295
5.61 -13.043
5.247 -15.263
4.7893 -11.857
5.7078 -11.326
4.5475 -13.349
7.2076 -11.235
8.4233 -7.2858
7.0939 -10.04
5.1521 -11.988
5.8509 -11.382
6.874 -11.367
6.2387 -11.934
1.431 -16.566
