11.82 2.8229
16.869 1.2189
18.781 -2.5912
15.357 0.03271
17.547 0.077477
12.169 0.21954
16.511 -1.6119
14.949 -2.3025
14.843 0.61103
16.357 2.2174
16.566 0.59352
11.792 3.205
22.41 -1.9576
16.296 2.3883
19.222 -1.1091
19.89 1.0842
11.477 2.1777
18.303 -2.5378
12.622 0.92429
16.032 0.87684
10.981 0.53782
16.923 0.85541
12.159 0.80405
13.443 0.006338
19.672 -0.80681
10.522 3.8498
19.671 -2.1969
17.449 -0.60502
15.334 -0.70324
20.705 -1.7916
14.773 -0.30086
20.604 -0.88166
12.465 1.0369
15.114 0.2327
17.199 -1.5102
17.996 -1.207
15.437 1.0283
19.321 0.09512
15.084 -0.34588
11.585 1.2239
15.756 2.667
17.712 0.31762
23.065 -4.9588
17.041 0.071224
23.828 -2.976
16.697 -1.5891
15.715 0.5037
12.877 1.5506
12.442 1.0329
16.407 1.3587
14.817 -0.38465
19.162 -0.071027
20.241 -2.8563
15.805 -1.0263
14.686 0.04499
12.082 2.5066
15.794 0.48487
11.692 1.0939
18.049 -2.2805
16.72 0.90941
11.933 2.8431
10.987 2.3741
17.439 -0.12932
12.321 0.38729
14.618 0.98627
14.34 -1.2178
17.79 -1.1191
15.58 0.45794
17.162 -1.3876
15.163 1.6065
17.992 -0.30138
15.524 -0.29063
14.482 -0.25573
14.876 -3.2194
18.673 0.13015
14.711 2.2187
14.043 -1.6058
13.96 0.63146
21.278 -3.5818
10.883 1.7423
15.508 0.84332
21.776 -1.3045
16.92 1.2219
15.309 0.5944
13.94 1.3181
12.562 -1.0082
18.748 -1.2039
17.546 -2.1943
23.286 -0.5971
15.82 1.2293
18.908 -1.7129
16.071 1.0892
17.215 -1.0173
17.553 1.1717
12.628 1.983
17.501 0.40831
20.361 -0.064017
20.005 0.39744
13.685 1.0119
16.722 0.94691
23.467 -2.2773
18.545 0.4343
17.975 0.87648
15.115 0.033838
10.555 0.40584
18.596 0.94974
14.07 0.97238
14.431 -0.20945
21.339 -2.1654
20.616 -1.5284
18.435 0.038231
13.401 -0.089028
15.82 0.28855
15.766 -0.28588
15.047 -0.22386
14.306 2.3297
18.992 -2.8362
15.949 -0.23925
13.465 0.084488
18.472 0.2462
15.111 1.8931
18.914 -1.8684
14.073 2.3538
15.089 3.1241
14.877 0.59577
19.736 -2.3057
14.629 0.82006
11.075 1.5981
13.759 -1.4436
12.137 1.2274
11.67 1.5144
11.033 1.7027
19.437 -0.0064863
13.111 0.038007
21.038 -0.059047
15.994 -1.5998
19.409 -1.6057
14.671 -1.0515
21.347 -2.8229
12.221 -0.80077
18.281 -0.069094
14.745 0.31859
18.388 -0.80398
14.323 1.3001
15.261 -1.8819
20.265 -1.3963
13.378 1.0402
12.204 2.1198
13.038 -0.9368
12.769 1.1634
16.021 1.409
13.77 1.603
14.405 0.86899
14.743 -1.2191
12.503 -0.1765
19.226 -1.6459
19.686 -0.84635
9.1838 1.3411
17.838 -0.13464
14.63 -1.4036
11.517 3.7537
14.435 0.10827
17.954 -0.025167
11.641 0.25485
18.665 -0.52754
15.481 0.3954
18.459 -1.8366
18.835 2.0597
12.256 1.507
13.589 1.2711
15.585 -0.99482
18.483 -1.2309
17.883 -0.74138
12.754 1.9811
17.909 0.91584
13.303 3.9011
15.102 1.0915
14.386 1.7266
18.786 -0.8637
13.332 1.6621
24.823 -3.9838
21.267 -2.6114
20.588 -0.88946
15.758 0.24134
12.506 2.4187
13.924 2.4725
13.599 0.60103
17.852 -0.87077
18.172 -1.2389
15.564 -0.61047
13.087 2.1234
10.198 0.71988
14.311 2.14
24.231 -1.9853
17.089 -0.75835
19.553 -1.017
11.186 1.7314
11.712 -0.94033
18.645 0.27161
14.132 1.3521
13.124 0.10452
19.913 -2.4865
14.852 0.66382
17.842 -1.5337
17.255 1.0498
11.539 0.21865
20.833 -0.55292
13.627 0.72161
21.825 -2.2168
15.179 -0.27393
18.166 0.47406
17.837 0.014612
20.078 -1.3412
12.553 0.7833
19.261 -2.6845
19.532 1.7572
10.714 0.74901
12.104 2.5728
19.145 -0.62745
18.306 -1.4454
16.669 -2.8339
21.777 -1.3324
19.425 -2.3107
10.297 1.2172
9.3268 2.4129
14.799 1.4461
17.935 -0.22987
14.115 0.066721
16.677 -0.38441
14.354 1.361
16.302 0.80974
17.569 0.026376
15.148 1.4254
19.617 -0.66442
21.062 -2.0322
15.081 -0.29979
16.157 2.9103
16.476 0.72467
13.49 0.09121
15.879 -1.3627
16.013 -1.4
16.806 -0.5334
12.427 -0.95425
15.616 1.4262
16.341 0.2899
16.408 1.0855
12.815 -0.51532
18.942 -2.3202
15.878 -1.0183
18.955 -0.91612
15.122 0.41499
13.499 -0.099605
16.277 -0.044497
12.722 3.5844
11.643 2.9299
24.296 -1.0271
13.923 3.1173
13.939 0.23262
17.89 -2.7239
18.701 1.2204
11.227 4.2263
15.525 -0.41395
10.145 4.4302
20.361 -0.68136
16.735 1.5794
15.834 0.56663
12.569 1.3932
13.693 -2.86
16.287 -0.3587
21.405 -1.3796
15.989 0.3419
14.218 -0.95466
15.12 0.085508
18.793 1.7224
6.0963 2.1473
15.429 0.022202
12.874 1.9742
17.314 -0.31284
19.45 0.064637
16.799 0.014735
18.42 0.51796
16.921 -1.491
16.794 -1.5478
13.648 0.51316
13.236 2.3635
13.31 1.5223
15.261 0.056335
12.536 0.22712
16.027 -0.71772
16.596 1.4074
13.486 -0.8365
20.347 -2.6389
11.842 0.13491
14.701 0.77707
17.328 -2.05
15.333 -0.58347
19.24 -1.5024
19.927 0.85455
10.699 1.723
17.66 -1.8059
11.426 -0.33541
17.008 -1.0379
16.025 -0.93024
13.042 -0.068054
15.796 1.7081
17.294 0.2839
14.425 1.5141
14.502 -2.0352
12.714 2.1753
17.009 2.1652
14.743 0.12956
16.895 1.5073
13.353 1.132
19.715 -3.0516
16.97 -0.12855
16.585 0.39707
20.058 -1.1537
17.606 -0.72526
16.387 2.162
19.014 1.0522
16.503 -0.30932
17.267 -0.71064
19.313 -0.70107
20.048 -1.7775
15.514 0.03848
20.343 -1.8807
10.254 0.89049
13.686 2.5591
17.762 -0.5573
17.898 -0.78496
16.704 -0.73687
22.625 -1.8358
20.402 -1.5675
15.303 0.59591
21.523 -1.5578
16.05 0.71461
15.845 0.74163
12.02 0.3936
10.694 0.87418
13.677 0.095842
14.88 1.8295
21.326 0.9367
19.264 -1.2599
15.244 1.0493
12.023 2.1272
13.174 0.53401
19.68 -1.9887
20.827 -1.5761
14.954 1.3215
16.633 0.44321
15.803 1.3039
18.243 -0.14049
18.898 0.57293
15.523 0.037313
13.45 1.8367
18.703 -1.3542
15.325 0.034639
18.996 -0.34194
16.654 -0.94401
16.276 -0.29843
16.345 0.25647
15.528 -1.1502
19.229 -4.1163
14.364 2.2797
14.857 -0.16389
17.958 -0.6928
11.647 3.7853
16.935 -0.17712
14.609 -1.7391
12.339 1.7707
16.355 -0.87854
17.297 -0.5479
17.284 -1.9862
20.14 -1.642
17.083 0.95448
14.989 0.9638
14.906 0.42078
15.37 -1.0487
18.846 -2.1546
15.688 0.45496
14.939 1.6811
18.058 0.12169
18.417 -0.9026
10.8 0.52243
13.69 0.69849
18.229 -2.4612
17.707 0.60816
16.652 0.90243
14.798 0.37356
16.196 -0.55794
11.3 -1.4752
13.517 2.4979
17.867 0.25973
21.105 -1.5445
18.074 -0.28325
16.961 -3.2619
11.975 0.61265
13.754 0.85576
18.354 -0.49738
19.264 -0.21263
16.528 -0.58423
18.521 -1.639
9.7758 3.3071
15.243 -0.69883
13.86 -1.0435
16.272 0.8904
18.921 -0.58053
15.034 -0.60907
12.029 2.434
12.679 1.9744
15.61 -1.038
15.003 0.12991
14.134 1.7537
20.468 -0.30857
20.317 -2.6934
10.137 3.6983
17.703 -0.19274
12.129 2.6935
13.213 -0.63431
16.806 0.10707
24.052 -2.2896
15.211 -1.3244
14.433 0.73621
13.854 -0.94622
16.95 0.12315
15.137 -0.18035
13.554 3.2161
15.999 1.9158
20.306 -2.226
13.93 -0.9544
14.53 2.6277
11.782 0.58264
11.294 2.6936
17.03 -1.9238
18.436 -2.561
13.396 1.6518
18.864 1.4341
11.601 1.9134
19.587 -2.7878
20.113 -1.152
15.24 -0.30279
13.238 -0.26181
17.594 -1.974
15.1 0.36112
17.296 -3.1615
13.412 -1.0875
19.427 -2.3234
13.639 3.4201
16.94 -0.69549
21.502 -1.5165
14.294 0.76438
16.876 -1.2668
23.733 -1.6539
16.289 -1.5948
17.442 -0.091241
17.207 0.26155
13.205 -0.5111
15.704 -0.056929
17.096 1.4188
13.193 1.1337
13.627 1.5805
18.292 -0.19076
11.195 -0.014261
12.308 0.40874
19.493 -0.90918
13.412 -1.0087
14.511 0.34486
16.691 -1.646
17.367 -0.76999
20.029 -2.4006
13.88 2.2338
17.201 0.91827
18.371 -1.3191
15.829 -2.7219
17.974 -1.2281
13.993 0.52649
19.38 0.005831
10.169 2.0112
17.889 -0.82489
17.55 0.45946
17.74 -0.75521
14.383 1.6741
11.863 0.78703
12.765 1.7742
12.18 1.4593
17.04 0.35825
18.541 -0.92712
17.72 -0.72404
12.593 0.83174
17.638 -2.3947
17.037 -0.14313
14.588 1.4415
16.56 0.69863
12.91 0.92647
16.906 -0.24881
17.867 -0.73489
14.983 -0.62959
17.123 1.013
16.875 -2.4752
15.782 -0.76427
