First 500 examples - class1; next 500 examples - class 2 and the last 1000 examples - class3.
-0.266484 0.574908 
-0.336049 0.648162 
0.886191 1.179274 
1.552619 1.225525 
1.831822 0.585167 
0.098649 0.907369 
0.806261 1.223768 
1.202156 1.043904 
2.235504 0.698404 
0.995897 1.234709 
-0.771243 0.452044 
2.103027 0.778304 
1.033118 1.327958 
-0.107436 0.953632 
-0.317260 0.907355 
2.424063 -0.028592 
1.678236 1.048837 
1.635656 0.944056 
2.364393 0.247060 
1.043872 1.413388 
1.837059 0.726270 
0.335730 1.261649 
-0.537531 0.617490 
2.112933 0.443965 
-0.560504 0.266942 
0.840750 1.339423 
-0.728682 0.150019 
1.474108 0.999090 
2.101784 0.822374 
1.371983 1.129980 
2.174548 0.656467 
1.459874 1.090465 
0.967650 1.125692 
2.302319 0.078654 
-0.660487 -0.058391 
-0.756924 0.228142 
0.174569 0.900245 
2.371235 0.317156 
1.121864 1.196635 
0.881146 1.117300 
1.065700 1.094119 
1.264131 1.157606 
1.710670 0.700848 
-0.640600 -0.146074 
1.582719 0.885194 
0.229722 1.106437 
0.252885 1.081457 
0.003946 0.919781 
2.087763 0.645089 
-0.610522 0.451367 
2.404456 -0.014772 
1.892076 0.701771 
0.925230 1.276315 
-0.084810 1.024529 
0.027501 0.914987 
2.225218 0.168996 
-0.906042 -0.123863 
0.273071 0.924064 
1.930352 0.711350 
2.368500 0.036328 
-0.746545 -0.248039 
1.743681 1.074919 
2.498255 0.118396 
0.521324 1.034786 
-0.810048 0.245160 
1.133349 1.041386 
2.584140 -0.023459 
1.537864 0.951668 
2.310486 -0.255130 
0.088469 1.079240 
0.044172 1.171768 
0.661911 1.314922 
2.242446 -0.316031 
2.353818 0.272111 
0.050912 0.985733 
-0.105105 0.734669 
1.774898 0.987980 
2.328977 -0.138396 
2.494702 0.260718 
1.698340 1.033354 
2.129394 0.377168 
0.072784 0.863771 
-0.036158 0.857184 
1.447842 1.160869 
0.401783 1.260503 
-0.475594 0.863104 
-0.687138 -0.332248 
1.400928 1.129974 
2.140181 0.657048 
1.025909 1.122686 
1.972601 0.575342 
-0.658704 -0.218500 
1.453341 0.946506 
2.076840 0.581764 
1.810286 0.920304 
-0.339597 0.471132 
1.695786 0.732701 
0.908067 1.253998 
2.372135 0.208931 
2.383756 -0.257224 
2.350263 0.304568 
-0.385945 0.938582 
0.295041 1.111662 
-0.241087 0.633973 
-0.733656 -0.324758 
2.230383 0.405467 
1.709028 0.875188 
2.446557 -0.210408 
1.126083 1.248866 
1.316384 1.242455 
-0.507772 0.359395 
-0.009288 1.071181 
-0.467330 0.670462 
-0.787460 -0.207848 
-0.723302 0.288487 
0.003728 1.063157 
2.181642 0.083968 
-0.889812 -0.228859 
2.283298 -0.227795 
-0.049300 0.861594 
2.304293 0.160424 
1.761014 0.899826 
1.311233 0.988032 
2.452614 0.025188 
2.380864 -0.329851 
-0.634490 -0.263704 
0.575484 1.117028 
-0.384552 0.555467 
1.165971 1.182092 
-0.552387 0.485647 
-0.464244 0.782278 
2.043513 0.742045 
0.488633 1.115819 
-0.363874 0.599386 
1.778091 0.901654 
-0.522702 0.091660 
0.749662 1.118540 
1.296476 1.124124 
2.369982 0.204026 
2.329961 0.479240 
-0.938400 -0.300188 
-0.394728 0.623167 
2.328231 -0.289780 
-0.454986 0.892001 
2.074776 0.442172 
-0.485503 0.479860 
0.141730 0.935646 
-0.819297 0.182640 
-0.129427 1.067392 
-0.004251 1.186519 
0.829197 1.120849 
1.788348 1.077938 
1.727950 0.968730 
1.800576 0.691406 
0.973113 1.055784 
2.263835 -0.102168 
0.487254 1.257977 
2.183160 0.310147 
0.399428 1.352600 
0.955041 1.408462 
2.585373 -0.252409 
2.094803 0.243430 
-0.694755 0.113761 
2.393249 -0.102751 
-0.019897 1.089984 
1.475427 0.905317 
0.093334 0.960098 
-0.088468 0.877008 
2.225258 -0.248953 
0.787044 1.029874 
2.205173 0.518233 
2.307231 0.016705 
1.122449 1.094587 
-0.489938 0.599390 
-0.419390 0.826342 
2.257995 0.109097 
2.257419 0.633584 
2.345196 -0.310990 
1.694490 1.198800 
0.983270 1.260059 
2.036504 0.897605 
2.041071 0.411479 
-0.269161 0.726451 
2.165656 0.158485 
-0.161613 0.848280 
1.989783 0.660179 
-0.850822 -0.071761 
0.408552 1.199562 
-0.112826 0.816432 
-0.454633 0.637902 
0.773154 1.110895 
-0.620463 -0.058045 
-0.848860 0.210732 
-0.171764 1.102284 
0.030393 0.906329 
0.195310 0.905669 
1.982910 0.385639 
0.755202 1.170725 
2.342793 -0.167443 
0.777350 1.101506 
-0.102061 1.056239 
2.398516 -0.295258 
2.471223 -0.282410 
0.248866 0.966800 
2.434214 0.403493 
-0.720687 0.016319 
2.232186 0.659225 
2.199526 0.506711 
0.077258 1.208453 
1.621755 0.892448 
0.592202 1.398940 
1.827228 1.130774 
1.291834 1.094216 
0.165591 1.061270 
2.190710 0.627131 
1.874392 0.774934 
1.580520 0.821046 
1.787206 0.921857 
-0.934316 -0.194018 
1.258809 1.128467 
0.405442 1.339292 
-0.243679 0.687804 
-0.809691 0.259548 
2.072537 0.657287 
0.753105 1.325843 
1.600577 0.855769 
1.080098 1.368685 
2.060876 0.250799 
2.482185 0.273257 
0.819932 1.437193 
-0.459756 0.348832 
-0.679533 0.110084 
-0.632136 0.575086 
1.051804 1.005874 
-0.224928 0.934000 
1.886360 0.587884 
-0.430540 0.352648 
2.008158 0.549258 
2.125067 0.319446 
0.298588 1.184282 
2.601576 -0.241891 
-0.934411 0.039691 
2.149322 0.638314 
1.940588 0.652355 
-0.578582 0.726767 
1.428461 0.969409 
1.351901 1.029779 
1.963629 0.929875 
2.457536 -0.003820 
-0.547832 0.494778 
0.757610 1.396608 
2.204327 -0.147164 
-0.638822 0.616384 
0.960428 1.376195 
-0.859294 -0.145296 
0.388210 0.957179 
2.587612 -0.182582 
-0.372469 0.932297 
2.350710 -0.048541 
2.254271 -0.354894 
2.274104 0.015210 
0.979912 1.265465 
-0.587956 -0.227375 
1.848689 1.052520 
2.273975 0.315338 
-0.185766 0.819496 
1.738997 0.843576 
2.399556 -0.018301 
2.218384 0.480715 
1.293808 1.309609 
2.058297 0.573114 
2.269506 0.099155 
2.339139 0.386292 
0.911730 1.086496 
-0.873171 0.041365 
1.113562 1.099211 
-0.655802 0.569984 
1.754354 0.857496 
0.447429 1.179061 
1.896586 0.965128 
-0.162162 0.779159 
1.954835 0.734003 
-0.019090 1.099189 
0.872676 1.097328 
0.202702 1.121964 
-0.789127 -0.200467 
2.338134 0.544889 
2.287821 0.462689 
-0.395952 0.904625 
2.138054 0.319622 
1.099880 1.401011 
1.115627 1.151485 
-0.094220 1.003198 
-0.457676 0.262813 
2.509692 -0.072498 
-0.546321 0.234434 
-0.280485 0.609426 
2.246042 0.419465 
-0.091770 0.994661 
-0.073306 0.902830 
-0.868492 -0.138630 
1.647882 0.870505 
2.550621 0.045332 
2.559522 -0.089504 
0.093148 0.884636 
1.313392 0.954598 
0.708783 1.063160 
1.753738 0.779312 
-0.724832 0.544234 
-0.600817 -0.243498 
0.719891 1.088200 
-0.320761 0.638086 
2.173103 0.258829 
-0.318158 0.451051 
-0.550893 -0.146345 
1.779832 0.985231 
0.592739 1.189477 
0.469989 1.031830 
-0.034851 1.080865 
1.419050 0.929746 
0.768084 1.204252 
-0.545929 0.214292 
1.099660 1.104581 
-0.607590 0.119075 
1.801407 0.898124 
2.268011 0.063780 
1.738383 0.940552 
1.306180 0.942019 
1.909596 0.916896 
-0.226359 0.893285 
2.364855 0.384205 
0.662410 1.419882 
-0.634162 0.232398 
1.720289 1.135561 
2.149851 0.588398 
2.133418 0.395276 
1.342870 1.291819 
1.191239 1.030120 
1.030425 1.300722 
-0.867333 -0.304826 
1.713366 0.816474 
0.328288 1.014079 
-0.718257 0.301915 
0.048851 0.972977 
-0.785780 -0.195677 
0.910830 1.369415 
-0.933704 -0.170062 
1.227308 1.220352 
1.926135 0.537157 
2.128252 0.502968 
-0.404022 0.804818 
1.896754 0.765838 
1.961507 1.005000 
0.316748 1.342435 
0.784914 1.345894 
2.317565 -0.036325 
-0.585063 -0.315095 
2.243310 0.715248 
1.906218 0.993595 
-0.128841 0.948179 
2.165224 0.775122 
-0.512106 0.793001 
2.404977 0.010651 
2.174834 0.709236 
2.016203 0.866225 
-0.698380 0.213936 
0.464822 1.081878 
2.260107 0.458888 
1.513697 1.123742 
-0.225565 0.970008 
-0.764602 0.333143 
0.903533 1.333663 
1.396986 1.153718 
-0.581061 0.666786 
0.291393 1.164269 
0.048293 1.106184 
2.338037 -0.098026 
0.116638 1.051360 
0.827477 1.145016 
0.655600 1.203840 
0.705528 1.402607 
-0.779078 -0.237348 
0.449020 1.207062 
-0.832473 0.340122 
0.716908 1.250416 
-0.567525 0.738950 
2.204492 0.730842 
-0.302439 0.522252 
2.250629 -0.274901 
0.744642 1.281443 
-0.943575 -0.022324 
1.917542 0.906038 
1.263897 1.166015 
-0.568971 0.208799 
0.739497 1.245391 
1.576340 0.839306 
1.781999 0.907114 
2.303158 0.299584 
2.019122 0.667121 
1.025577 1.105312 
2.375577 0.495127 
-0.423255 0.609595 
-0.766790 0.484385 
2.075158 0.296839 
1.432089 1.073645 
0.481304 1.371086 
2.277483 -0.229445 
2.042763 0.939013 
0.056022 1.193186 
2.265428 0.574044 
-0.590010 0.153329 
-0.037051 1.192927 
2.110200 0.834391 
1.393694 1.332682 
2.475770 -0.258386 
-0.282661 0.689196 
0.703014 1.102327 
0.619874 1.407031 
2.185838 0.570494 
-0.113652 0.799519 
-0.921824 0.077965 
1.499468 0.986419 
-0.659530 0.631121 
1.233024 1.197919 
-0.208783 0.733838 
-0.937124 -0.214555 
1.854948 0.879630 
1.728668 0.994674 
1.607552 1.135838 
-0.466058 0.205897 
1.408671 0.947395 
2.372921 -0.219247 
1.998203 0.428446 
0.363185 1.123048 
0.787203 1.226153 
2.069531 0.710584 
0.310308 0.986989 
0.207860 1.125204 
1.511080 0.861715 
2.382656 -0.124369 
-0.289110 0.728448 
0.843504 1.135012 
0.493254 1.222649 
1.505333 1.197334 
1.492173 1.140854 
-0.868652 0.183096 
2.534590 -0.007218 
1.943392 0.633149 
1.238006 1.078138 
0.054321 1.048800 
0.115954 1.253183 
-0.250562 0.569196 
-0.408169 0.528486 
-0.331879 0.825559 
2.078550 0.609774 
2.404503 0.106436 
2.222339 0.221186 
1.191840 1.266260 
0.967071 1.367686 
2.340820 0.200701 
2.016135 0.849220 
2.204482 0.477145 
-0.893960 0.058126 
1.049157 1.184429 
-0.071660 1.033469 
-0.842745 0.321611 
1.957846 0.522530 
2.230844 -0.232961 
2.502908 -0.328775 
-0.550119 -0.019189 
1.820337 0.991579 
-0.644995 0.238736 
-0.323367 0.471770 
2.157831 0.753004 
1.819062 1.000530 
0.755283 1.227739 
2.355293 0.579458 
0.854044 1.319384 
2.507039 -0.115344 
1.617194 1.138411 
-0.587301 0.609283 
-0.001029 1.085705 
1.507877 1.256152 
-0.423952 0.679279 
2.107923 0.373122 
-0.586725 -0.358877 
1.703572 0.856588 
-0.036049 0.981835 
1.265997 1.369192 
0.639436 1.092044 
2.275019 0.229289 
2.077121 0.868886 
2.162206 0.262459 
2.118924 0.336354 
2.245278 -0.273979 
2.390516 0.237797 
0.860039 1.411000 
2.339808 -0.307577 
2.346042 0.367304 
-0.279562 0.479743 
1.122014 -0.530660 
-1.806218 -1.231862 
0.754270 -1.198166 
0.676215 -0.831534 
0.708328 -1.037971 
0.955767 -0.343351 
-1.718658 -1.303704 
-2.086257 -0.358822 
1.157907 -0.015260 
-2.057439 -0.655606 
-0.068407 -1.464677 
-0.567937 -1.767457 
0.888406 -0.368918 
-1.598899 -1.010651 
-1.120326 -1.444781 
-1.047259 -1.456294 
0.921981 -1.084018 
-1.940592 -0.539344 
-1.009876 -1.711736 
0.117402 -1.312916 
-0.492130 -1.591225 
-1.945762 -0.600454 
0.015574 -1.450831 
-1.841776 -0.620874 
-1.450819 -1.369182 
-0.992359 -1.531649 
-0.900030 -1.504205 
-1.473662 -1.513150 
-0.770247 -1.753432 
-0.160564 -1.653679 
1.128023 -0.206071 
-1.295679 -1.504852 
1.014489 -0.497152 
-2.153365 -0.053377 
1.159463 -0.200027 
-0.202856 -1.384034 
0.943388 -0.710897 
-0.867342 -1.492394 
-0.893278 -1.454362 
-1.352736 -1.148658 
-1.512337 -1.244652 
0.725276 -1.055401 
0.756780 -0.975211 
-0.534333 -1.442275 
-0.377254 -1.645471 
-0.233253 -1.585471 
-1.604728 -1.269768 
-0.356942 -1.645435 
0.937470 -0.922897 
1.040072 -0.873600 
0.986580 -0.808828 
-1.906993 -0.530818 
-1.804905 -0.723560 
-1.980715 -0.159098 
-1.754763 -0.828497 
-1.905644 -0.667890 
0.361727 -1.370783 
0.422253 -1.145324 
1.072931 -0.179152 
0.914670 -0.175904 
-0.270873 -1.526353 
-1.562650 -1.419433 
1.049819 -0.121111 
0.037946 -1.663940 
-1.933072 -0.072233 
1.102925 -0.761742 
-0.092869 -1.745344 
-0.107356 -1.620689 
0.422934 -1.522548 
-0.176000 -1.439764 
-1.938680 -1.035329 
0.880205 -0.358046 
1.212611 -0.176693 
1.027973 -0.612562 
0.398982 -1.126794 
0.899682 -0.335183 
-0.953089 -1.682779 
-1.757710 -1.113463 
0.596975 -0.928879 
-2.192767 -0.191767 
0.869494 -0.378758 
-2.017874 -0.422568 
1.101482 -0.456016 
-0.566193 -1.519130 
0.317444 -1.469096 
-1.019442 -1.487191 
-1.583154 -1.387996 
-1.466414 -1.278906 
-1.960344 -0.089102 
-1.141915 -1.522440 
0.996167 -0.171893 
-0.139191 -1.362652 
-1.949376 -0.580535 
0.045713 -1.518424 
-1.047198 -1.374606 
0.660666 -0.759714 
-0.311452 -1.514732 
-1.003545 -1.325170 
-0.244753 -1.624594 
-0.651103 -1.630756 
-0.618350 -1.640354 
-2.068776 -0.112722 
-0.161150 -1.566830 
-0.336416 -1.679886 
0.188074 -1.651462 
-1.818428 -0.889362 
-0.730070 -1.742875 
-1.881636 -1.078493 
0.890471 -0.421680 
1.124237 -0.568158 
0.574178 -1.143583 
-1.049323 -1.548649 
0.537459 -1.407408 
-2.026029 -0.264308 
-2.125754 -0.171145 
-0.963386 -1.700039 
-2.283902 -0.077579 
1.242063 -0.075430 
-1.868713 -0.239438 
-0.021880 -1.600436 
-1.958851 -0.515813 
-1.348899 -1.499843 
-2.237982 -0.436964 
-1.519639 -1.282133 
-2.058584 -0.516971 
0.762831 -1.144474 
0.425852 -1.130117 
-2.196618 -0.185801 
-1.332312 -1.338539 
1.194801 -0.052795 
0.054053 -1.561735 
-0.183327 -1.697550 
0.998553 -0.413251 
0.119661 -1.576871 
-0.839491 -1.506374 
-2.028853 -0.223837 
-0.336649 -1.688393 
-1.288744 -1.409951 
0.085036 -1.651618 
-0.463023 -1.639249 
0.134394 -1.602088 
-1.120958 -1.383983 
0.901768 -0.112369 
-1.169538 -1.322645 
-2.214516 -0.470354 
0.670368 -1.021423 
-1.471044 -1.355521 
-0.119142 -1.552018 
-0.549043 -1.618338 
-1.413523 -1.448561 
-0.517557 -1.437235 
0.557645 -1.320677 
-0.800167 -1.648825 
-1.678286 -0.786367 
-0.022192 -1.539997 
0.758546 -0.582326 
-1.525599 -1.362761 
0.375064 -1.314984 
0.742104 -0.869111 
0.528986 -1.083210 
0.671003 -1.206520 
-1.133796 -1.446694 
-1.136293 -1.596472 
0.670193 -1.342494 
-1.559380 -1.414813 
0.770121 -0.563534 
-0.481207 -1.710728 
0.635076 -0.872526 
-0.665421 -1.395204 
-1.180252 -1.658953 
0.874985 -0.420169 
1.040734 -0.016048 
0.672876 -1.154650 
-2.061621 -0.621065 
0.743555 -0.791862 
1.075092 -0.844654 
0.763971 -1.234732 
0.908717 -0.441680 
-1.004469 -1.687630 
0.095171 -1.408399 
0.139049 -1.550052 
0.951008 -0.547327 
1.033906 -0.503728 
-1.098182 -1.697622 
-0.658268 -1.703527 
0.295415 -1.132848 
0.150386 -1.639901 
1.142087 -0.213683 
0.408166 -1.069722 
0.658622 -1.023509 
-1.189851 -1.359518 
-0.504409 -1.545846 
-1.753334 -1.120313 
0.557248 -1.407589 
0.650442 -0.863885 
0.084020 -1.369747 
-0.553516 -1.640063 
-0.045301 -1.563788 
0.883020 -0.450314 
0.401662 -1.251799 
-0.159098 -1.614724 
-1.346671 -1.115965 
0.623372 -0.856964 
-1.012819 -1.680776 
-2.176948 -0.311567 
-0.965637 -1.545817 
1.008910 -0.705247 
0.858054 -1.174433 
-1.868577 -1.114048 
-1.886208 -0.626381 
-1.431990 -1.310815 
-0.422413 -1.526200 
-1.298490 -1.218053 
0.982011 -0.836148 
0.901271 -0.595795 
-0.609664 -1.576697 
0.945830 -0.097820 
-1.565079 -0.907404 
-1.243195 -1.299944 
-1.920067 -0.182017 
0.919252 -0.487397 
-1.053313 -1.334008 
-1.983532 -0.124567 
-1.492791 -1.215326 
-0.708970 -1.526658 
-1.741135 -0.608648 
-1.980657 -0.399902 
-1.940096 -0.415970 
-1.157556 -1.457111 
0.800568 -0.819644 
-0.289318 -1.512301 
0.190324 -1.479691 
0.962872 -0.261128 
-0.140493 -1.643486 
-0.467760 -1.584571 
-1.930749 -1.067682 
-1.988268 -0.542867 
0.990824 -0.447998 
-1.795777 -0.746887 
0.939946 -0.210541 
-1.935036 -0.215225 
-1.508512 -1.440586 
-1.488006 -1.279489 
-1.965420 -0.197788 
1.231731 -0.025334 
0.445096 -1.518895 
-1.909707 -0.885466 
-1.689331 -1.307647 
-0.795720 -1.602042 
-1.650447 -0.924740 
-0.848371 -1.710364 
-2.128818 -0.363356 
-0.902755 -1.558628 
-1.291902 -1.492172 
-1.890492 -0.661958 
0.842181 -1.133053 
0.789770 -1.082666 
0.191765 -1.450674 
1.025775 -0.206812 
-0.953280 -1.726440 
-0.230401 -1.521248 
0.833837 -0.576410 
-2.052572 -0.027100 
-1.917306 -0.426378 
0.346258 -1.482740 
0.146174 -1.675013 
-1.907671 -0.838465 
-1.392285 -1.383340 
0.632061 -1.071504 
-1.140153 -1.341341 
-1.705216 -1.130369 
-1.816899 -1.100866 
-2.136830 -0.723875 
0.961425 -0.574774 
-2.009127 -0.797520 
-1.854229 -0.576526 
-0.403264 -1.461365 
1.092210 -0.710345 
-0.252272 -1.751918 
1.011680 -0.288748 
-0.845024 -1.686178 
0.450492 -1.068582 
-1.869039 -0.606154 
0.971524 -0.059587 
1.210074 -0.350903 
0.996872 -0.115375 
-1.771795 -0.653195 
-1.888251 -0.754717 
1.019548 -0.839740 
-1.985136 -0.970615 
-1.389507 -1.106220 
-1.205422 -1.420248 
-0.370370 -1.641643 
-1.920640 -0.619297 
0.670917 -1.249915 
0.932309 -0.801725 
-1.902820 -0.308412 
0.784121 -1.156008 
-1.814828 -0.880936 
-2.217678 -0.211616 
-1.600587 -1.005793 
-1.596507 -1.227164 
0.943835 -0.500002 
0.709702 -1.020805 
0.986428 -0.411475 
1.147332 -0.196823 
0.457113 -1.146293 
-2.101164 -0.202794 
-2.074822 -0.060228 
0.703200 -0.726124 
-0.933294 -1.374055 
-0.075981 -1.540943 
-0.382575 -1.638234 
-1.672359 -0.931957 
0.148742 -1.465986 
-1.931739 -0.401581 
0.481536 -1.198637 
-2.022375 -0.948240 
0.348521 -1.096351 
-2.041999 -0.923371 
-1.122946 -1.681440 
-0.264441 -1.587962 
0.732906 -1.184075 
-0.720106 -1.482899 
-1.142888 -1.251686 
0.996117 -0.468079 
-0.640034 -1.526539 
-0.750632 -1.745380 
-2.236178 -0.033894 
0.294251 -1.406166 
-1.671860 -1.230931 
-1.896009 -0.034778 
1.139944 -0.489246 
-1.000084 -1.525121 
-0.558153 -1.628844 
0.660209 -0.841156 
-1.929603 -0.071342 
0.924718 -0.279386 
0.641492 -0.943706 
-0.831264 -1.608439 
-1.612239 -0.847105 
1.087928 -0.524966 
-0.604288 -1.741638 
-2.042666 -0.697918 
0.262074 -1.192596 
0.417695 -1.090404 
0.664446 -0.796178 
0.642450 -1.261008 
1.149111 -0.623557 
0.814298 -0.962851 
0.874616 -0.433820 
-0.182662 -1.486030 
0.691850 -0.781343 
0.634167 -1.346446 
0.514485 -1.052345 
1.193831 -0.515520 
-0.795307 -1.491169 
-0.832032 -1.373453 
0.486540 -1.303314 
-0.073431 -1.632346 
-1.931292 -0.216509 
-0.284198 -1.402154 
0.911957 -0.616865 
-0.324272 -1.586898 
-0.007366 -1.656353 
0.836392 -1.114804 
0.400442 -1.301147 
-2.099880 -0.730318 
0.995028 -0.328336 
-0.945968 -1.417416 
0.372629 -1.071626 
1.137075 -0.447451 
-0.886795 -1.425967 
1.038372 -0.169404 
-2.257536 -0.104954 
-0.453310 -1.381678 
0.443942 -1.148256 
-2.202967 -0.229243 
0.642042 -1.385846 
-2.005314 -0.874885 
-0.036793 -1.331394 
-1.903456 -0.155022 
1.048882 -0.438965 
-1.519759 -1.396939 
-1.275013 -1.386140 
-1.868812 -0.499157 
-2.170854 -0.067639 
0.909464 -0.999358 
-2.254627 -0.070367 
0.327575 -1.194952 
-2.190126 -0.101730 
0.559889 -1.023492 
-1.999752 -0.919072 
0.544580 -1.459057 
-0.252616 -1.437668 
0.947594 -0.649006 
-0.372604 -1.642080 
0.809516 -0.966703 
-2.068598 -0.501205 
1.004260 -0.239249 
-2.128627 -0.274133 
-1.741616 -0.999818 
-1.800669 -0.913638 
-1.448803 -1.151639 
-2.083888 -0.451780 
-0.157118 -1.576572 
1.118129 -0.301170 
-0.081432 -1.617912 
1.060155 -0.631849 
0.880014 -0.306193 
1.033276 -0.913801 
-2.028009 -0.902551 
-0.779362 -1.439173 
0.754446 -1.230551 
-0.178436 -1.415935 
-1.863818 -0.356250 
0.837212 -0.359220 
0.230163 -1.537008 
-1.775004 -0.995563 
-0.428871 -1.570122 
0.349756 -1.371184 
-1.886536 -0.152344 
-1.663837 -1.299811 
-0.178431 -1.762716 
-0.394812 -1.401025 
-1.227436 -1.343372 
-0.480592 -1.395808 
0.268184 -1.162596 
-0.913605 -1.653472 
-1.972712 -0.265298 
-0.023426 -1.560179 
1.195420 -0.403781 
-1.926508 -0.331508 
-2.125184 -0.179717 
0.647866 -0.866773 
-1.671846 -0.938837 
0.629650 -1.101158 
-0.393432 -1.740936 
-0.466839 -1.644642 
-1.796574 -1.054127 
-1.756941 -0.920530 
-0.390505 -1.512139 
-1.403090 -1.549217 
-0.879870 -1.440838 
-1.993908 -0.487212 
0.246042 -1.521209 
-1.707295 -0.713882 
0.840004 -0.394777 
-1.267203 -1.541636 
-0.254044 -1.414528 
-1.613028 -0.913709 
-1.916862 -0.526388 
1.097462 -0.326790 
-1.240671 -1.330939 
1.122897 -0.444352 
-1.332486 -1.259844 
1.213295 -0.548086 
-2.230336 -0.370290 
-0.254715 -1.635821 
0.362201 -1.205885 
0.030982 -1.489654 
-1.443352 -1.017899 
0.261730 -1.409028 
1.129847 -0.044232 
1.018017 -0.278551 
0.275058 -1.560440 
-0.204787 -1.735477 
0.522923 -1.054748 
-0.452928 -1.625707 
-0.063204 -1.580314 
-1.265340 -1.592606 
0.380927 -1.311499 
-1.055524 -1.390259 
-0.066812 -1.408444 
1.259349 -0.150653 
-1.979854 -0.914206 
1.174982 -0.320952 
-1.172580 -1.473487 
1.034595 -0.047743 
0.100502 -1.511777 
0.705840 -1.225452 
-2.270044 -0.022508 
-0.137998 -1.630074 
-1.698946 -0.849563 
-2.183162 -0.244864 
-2.144581 -0.179892 
1.164111 -0.380316 
-0.861920 -1.348328 
-1.228335 -1.186757 
0.879899 -0.335536 
0.835137 -0.488868 
0.527618 -1.353032 
0.927020 -1.075195 
0.449446 -1.070806 
-0.667704 -1.788571 
-0.782998 -1.622821 
-1.071868 -1.428262 
-1.778610 -0.569275 
0.217546 -1.306114 
0.991706 -0.405461 
-1.347189 4.761221 
-0.979618 -5.009459 
3.988748 1.174247 
2.879166 -1.857395 
3.698035 0.763359 
-0.568911 3.486757 
-3.378774 -2.173199 
3.484859 0.919356 
3.911373 -0.555528 
-3.717905 -0.257461 
-1.402179 -3.087058 
-1.673999 2.685170 
1.985689 -4.001980 
-3.493262 -1.485310 
1.547208 -3.224288 
-1.905278 3.475019 
-0.145919 -4.651325 
4.067297 0.473225 
4.019350 -0.870641 
-1.801549 -4.141920 
3.602296 -0.640178 
2.298172 3.381082 
1.523296 3.824777 
2.874012 3.204189 
3.829405 -2.947137 
3.405706 0.778759 
1.258827 -4.397632 
-2.266365 -3.177301 
-2.302902 2.483471 
-3.224105 3.126639 
3.255033 1.863931 
-3.543635 -3.581520 
-2.922921 -2.470646 
-0.368912 -4.262285 
1.041131 4.561597 
-1.998615 -3.069931 
-1.383205 4.381167 
3.108519 1.400371 
-0.952699 -4.976710 
2.317149 -2.561025 
4.837686 0.113497 
3.896791 -2.770782 
2.994952 3.939080 
-4.279485 -0.758083 
4.852442 -1.678014 
0.956224 -3.636462 
3.932169 -1.258698 
0.669760 3.374455 
0.317344 3.128893 
3.787911 -3.274851 
1.631265 -4.455248 
-3.689570 -0.119661 
-4.289907 0.472434 
2.281759 2.855611 
-0.690827 5.143379 
2.759738 3.201979 
4.912952 1.185420 
1.992255 2.713300 
3.152534 4.118586 
-5.116446 0.188030 
2.819776 -4.084432 
2.127418 4.183933 
-1.692277 3.294689 
0.575201 3.711766 
1.957860 -4.806977 
4.749450 -1.044547 
0.483246 4.266056 
0.645997 4.626475 
0.663409 4.529995 
0.081833 -4.353288 
4.794470 -0.091841 
0.563847 -4.434941 
-3.637420 0.562154 
0.642541 4.560039 
1.052307 -3.175466 
0.369946 -3.457577 
-4.737543 0.484508 
-4.069601 -2.228624 
3.094107 -0.797860 
3.980230 -0.481300 
-2.345402 3.309985 
-3.213313 -3.451339 
0.589374 -3.257755 
-1.409643 -4.625925 
2.768447 -3.154346 
-0.970797 -4.204334 
3.608458 3.068405 
-0.601412 3.692520 
3.948612 -3.012358 
-0.011172 -3.863659 
3.181344 2.290164 
-3.868962 2.328529 
3.531621 1.966736 
0.145586 -4.857896 
3.069729 -2.102793 
2.985085 -1.387953 
3.507709 1.908870 
-1.457387 -4.744853 
4.733676 1.004792 
3.394871 2.307756 
-2.544951 -1.828112 
3.377586 -1.124143 
-3.095094 -3.641434 
-2.924987 3.987417 
3.199779 2.221613 
1.155579 5.038679 
-0.213703 4.543303 
1.452263 3.582221 
-3.648060 2.675528 
2.054897 -4.183139 
3.794424 -2.854265 
-3.857951 2.960595 
-2.856119 1.739138 
1.907147 -3.721077 
-0.004993 -3.649453 
-1.944227 3.158760 
-3.801332 1.593958 
-1.875130 4.527481 
2.370628 -3.468695 
-2.006672 -3.367838 
-2.895405 -1.704326 
0.821099 4.053983 
-1.140653 -3.170893 
4.283643 2.450721 
-0.067583 -3.290693 
-4.413022 -0.680218 
4.773822 0.312567 
-2.612165 -2.551781 
-4.397840 1.907632 
3.521400 2.002580 
-2.177921 -2.646236 
3.138694 -3.982811 
4.205491 -2.293799 
4.638052 -0.591583 
-0.331905 4.300925 
-2.487178 2.070387 
-2.661133 -2.184840 
4.145473 -3.093165 
-4.289382 -2.312055 
-3.595587 3.662589 
1.455210 -3.911535 
-4.377181 -2.636701 
-4.346684 0.904001 
-1.718631 -3.043336 
2.133446 2.841170 
3.835523 0.706007 
0.058905 3.650004 
-2.362396 -2.764397 
5.041477 -0.546921 
-1.862626 -3.130255 
-1.289566 -4.404638 
0.653262 -3.148529 
2.367009 -2.200131 
-3.505940 0.416639 
-4.071059 1.810485 
-1.663614 3.095948 
-1.061000 3.869296 
1.017075 3.196133 
-3.128564 -3.651702 
2.224600 2.886892 
4.603662 2.211464 
0.488504 -4.565995 
4.405120 0.464210 
-2.718154 1.691908 
3.277997 1.066948 
3.499145 3.508064 
0.023931 -4.741262 
-3.664526 0.236223 
-3.815278 1.716366 
0.341979 -3.597945 
-4.485284 0.732173 
-3.695037 -1.765718 
-1.530145 3.685899 
1.466299 -4.542028 
0.518574 -4.937967 
0.590069 -4.765405 
-3.924590 -2.869077 
-3.824283 -0.479347 
0.312667 5.070298 
-1.704449 4.201843 
-1.076913 3.881682 
-4.658228 1.872143 
-4.138329 1.516037 
-1.312221 -4.520113 
-4.639952 -1.667752 
-3.276309 3.527043 
3.886738 -0.965425 
-3.146779 3.297483 
-5.093372 -0.619019 
-0.175131 -4.852591 
-4.076616 2.868802 
-4.372079 -1.849903 
-2.704369 -2.293311 
0.847572 -3.324937 
-3.431435 -1.771476 
-4.541605 1.521158 
2.869882 1.599226 
3.737301 1.602055 
3.992674 0.578958 
3.865489 0.058849 
0.499128 3.164646 
0.227609 3.946137 
-1.638733 -3.385537 
-1.917572 3.785530 
0.911597 -4.975091 
3.749097 0.706325 
-3.567348 1.293149 
-0.095867 3.229305 
-0.291281 -3.274348 
4.970920 -0.730908 
-1.469983 -4.090426 
3.183501 0.529561 
0.303946 4.499920 
-3.722095 -1.862332 
3.212708 -4.021370 
-0.285117 -4.259709 
0.456258 4.418106 
3.471430 -0.378848 
-3.022292 -2.081275 
-3.000762 1.627788 
1.035306 4.190183 
-3.976473 -0.614904 
-1.217927 -4.016523 
-3.550288 3.004978 
3.745247 -2.780892 
-2.235910 3.825412 
-4.096186 -1.371755 
0.965019 4.353640 
0.920966 -3.459914 
-3.855053 1.981661 
0.565532 -3.776789 
-0.498262 4.234625 
-1.603909 -3.729284 
4.104714 2.624015 
-0.124460 4.381233 
1.322239 4.134765 
3.505631 3.214838 
-3.188281 3.562498 
-4.811573 1.914409 
1.236385 2.869281 
-3.348793 -3.219465 
-0.167938 4.510582 
-4.432029 -0.782175 
1.195677 3.940796 
-4.507298 -2.118970 
4.866029 -1.806002 
-4.429517 -0.107977 
-2.951676 3.427294 
-1.928335 4.026757 
2.943870 3.130941 
3.503953 -3.840087 
1.927950 3.719366 
-1.942866 4.585423 
3.460675 -2.557056 
-3.386706 -3.576472 
1.669050 -3.492100 
-0.178901 -5.031012 
-3.171993 -3.541268 
4.702720 -1.098131 
3.866716 1.870858 
1.460550 4.771882 
2.812869 -1.598890 
0.712402 4.136073 
-2.429953 -3.804091 
-4.356554 -2.159246 
-0.622964 3.599984 
0.199151 -4.769557 
0.718303 4.910260 
-2.633205 4.267328 
2.644312 -4.263379 
3.804533 -2.122548 
-2.055128 2.930400 
1.784370 2.979803 
-2.124780 -3.154061 
-3.651659 -2.046248 
-3.641853 -3.253103 
-0.329374 5.177807 
3.738381 -1.107518 
-0.780827 -4.578525 
-3.172522 3.006810 
-3.141850 -2.894505 
-1.512984 4.698091 
0.456582 -4.070387 
4.007223 -0.766549 
-4.659538 -1.280397 
-0.927701 4.958140 
-2.293050 -2.184989 
-0.130901 4.901285 
-0.808335 -4.341723 
0.276165 -4.894817 
-3.669011 -2.707472 
-2.197588 -3.419980 
-4.135203 -3.060315 
-2.959925 1.729596 
-3.458148 0.363491 
-1.042231 -4.367044 
4.859260 -1.399390 
3.216379 0.156821 
0.842314 -4.178852 
2.985683 -1.641890 
0.436936 4.593619 
1.989103 -4.101252 
-2.622993 -2.465217 
0.854967 -3.256799 
-1.111195 3.693549 
4.697571 1.673477 
4.663130 -0.924274 
-2.955483 -4.236833 
3.216885 2.350553 
1.059871 -3.791009 
2.373812 -3.150278 
-1.415339 4.210931 
1.900849 -2.670376 
-2.085909 2.585976 
0.152973 -4.516911 
-4.329448 -1.715683 
-4.874628 -0.991714 
4.282580 -0.821048 
-3.355799 -1.226876 
-4.330430 -1.206591 
-5.059757 0.916832 
-3.851137 -2.967024 
-2.839995 4.305660 
4.648488 -2.076700 
-1.431975 -2.873699 
-1.096076 -3.600441 
-2.328345 3.708823 
-4.426000 -1.521195 
2.942933 -3.845160 
4.579091 1.829746 
0.446305 4.284798 
-3.168305 -4.111424 
2.958705 3.717926 
-3.125949 3.133306 
1.328885 -3.575451 
-4.595520 0.874037 
-3.446537 0.839376 
3.953999 -0.232574 
3.387095 3.867866 
-2.006078 -4.063378 
0.071493 4.458463 
1.453735 2.899370 
-3.317605 2.289880 
0.605147 -4.084247 
-4.954521 1.379681 
-3.709955 0.844702 
1.767772 4.141372 
0.268866 3.123350 
2.766621 4.007958 
-0.133817 3.164827 
-0.324556 3.849382 
-3.718209 2.318244 
-0.864906 3.113430 
-2.986476 2.598452 
1.778482 3.257121 
0.980058 4.227948 
-0.063493 -3.740486 
-3.845550 1.508605 
4.100766 1.672056 
5.093980 -0.163397 
-2.137101 -3.353781 
-2.331174 4.522986 
-3.874245 -0.779742 
5.029294 1.076919 
2.290207 -2.899523 
3.319398 -3.029695 
2.141940 -3.292086 
-2.572147 2.926078 
-0.363856 4.075502 
-1.686207 -4.742729 
2.553289 4.010326 
3.494659 2.760754 
0.443582 3.367481 
-2.377224 -2.780333 
2.259613 2.175197 
2.468782 3.975422 
-4.385804 0.140743 
-3.973520 0.463524 
-0.454723 -3.982481 
4.800872 -0.769812 
-2.554252 3.615064 
4.518081 0.210103 
-3.281053 -1.834967 
-2.761976 2.050759 
-3.561336 2.102398 
1.401565 4.633194 
-3.207797 -1.488219 
-3.899906 -0.198160 
-3.022609 -2.815058 
-1.932920 -3.988011 
-0.857155 4.891275 
-0.246696 3.610973 
-0.402776 3.513005 
-1.577759 4.002340 
2.730562 2.361613 
1.800899 -3.893394 
-1.470549 -3.456000 
-0.726548 3.426425 
1.093125 4.346384 
2.507362 -3.775670 
-1.920542 -3.464512 
4.643577 -0.589334 
3.462067 0.567191 
4.166800 1.389252 
-3.057102 -3.198396 
-4.110049 3.008016 
2.163585 3.959974 
-3.762949 -1.402853 
4.601588 -1.017874 
4.841528 -0.832421 
2.924712 -3.204628 
0.991967 -4.251290 
-3.244170 -3.671945 
3.289035 1.932542 
1.224246 -3.274065 
3.416482 3.889180 
-3.954461 0.041621 
-0.880685 -3.300638 
4.762563 1.907606 
0.214633 4.836560 
-0.584043 -3.606538 
3.686045 2.442222 
-3.642709 -3.557152 
4.157841 -1.962928 
2.774131 2.170807 
-3.200162 -3.118737 
-3.670289 -1.690373 
-2.437695 -3.086703 
5.137968 -0.192286 
-1.834089 4.024684 
-2.199289 2.452273 
-2.962112 3.464788 
2.807354 3.010989 
3.851629 2.557728 
4.132266 2.450933 
1.061754 4.975725 
3.882912 0.132530 
3.383849 -1.251086 
-0.826723 -4.729652 
-3.378698 1.439819 
-1.584957 -4.543960 
-2.650174 -2.065147 
-3.277452 -0.012672 
1.665336 -4.206133 
0.189760 3.654388 
1.688814 -4.865814 
-2.793682 -2.488652 
2.240843 3.959515 
-1.291961 -4.826133 
1.929004 3.590584 
3.436706 3.627993 
-3.373218 -1.671582 
-1.518848 -2.835271 
3.848843 3.306063 
-4.944150 -1.440897 
-3.378995 1.058340 
-0.671850 5.080064 
0.549965 4.076717 
2.438541 -2.578313 
-2.440348 2.940611 
-3.277473 -0.715463 
2.056416 2.523085 
-2.253937 2.438174 
1.360836 3.797194 
-3.934266 -2.192770 
-2.814620 1.387670 
-0.571404 3.316375 
3.008124 -4.014906 
4.956392 0.383391 
0.061456 -3.296636 
2.413452 -2.209174 
-3.404491 -0.207148 
-4.262333 -1.747871 
-3.571834 2.943667 
-4.936495 1.084668 
0.677400 4.509240 
-4.265973 1.106976 
-1.890231 -4.231718 
-1.009841 4.658051 
-3.751368 -1.768463 
4.278385 -1.802840 
3.206379 1.845756 
0.193447 3.162224 
-2.035258 -4.532741 
0.256667 -4.386064 
2.743476 3.512719 
-2.437251 -2.350884 
0.309795 3.727806 
-1.751802 -4.122907 
3.845380 1.477110 
1.981510 -3.926594 
-4.579364 -1.318409 
4.395434 0.601233 
3.003282 -1.515918 
-0.864138 -3.033184 
1.390256 3.503038 
-1.246632 3.169579 
3.999252 -3.026313 
1.311427 4.584105 
3.370851 -1.940487 
-2.252985 2.295290 
-3.273686 -2.633019 
-3.580695 -3.039664 
-1.236189 4.704259 
-2.500672 -4.417059 
2.451792 3.652633 
3.647958 1.065172 
-3.803283 1.181511 
-2.497806 -3.395331 
-0.113325 -4.090804 
2.110320 -3.026284 
4.313960 -1.589438 
4.050673 -0.408268 
-2.797590 -2.953425 
-3.523408 2.232982 
-1.484345 -3.649190 
-0.678724 -3.358856 
2.864224 -3.891571 
1.972444 -4.484808 
1.210456 -4.632823 
0.360724 3.451821 
-0.500566 3.129401 
-2.343002 2.334613 
0.873023 -3.955541 
3.266892 1.680668 
-1.469342 3.274439 
1.424227 4.632943 
-2.315856 3.780705 
1.144805 -4.074285 
1.082080 -3.877001 
2.414600 -2.198251 
3.189460 -4.022792 
-2.280426 -4.431734 
2.946886 1.637560 
-4.716852 1.899002 
-0.203274 -3.202184 
-3.299708 3.125212 
1.544003 4.406502 
-2.376834 -4.571670 
-4.249000 -2.831508 
-0.767507 4.370448 
3.227661 -3.206964 
-0.808674 5.046799 
-1.567253 4.127466 
-4.184896 2.841055 
-3.064266 1.225944 
-0.819044 -5.064624 
-3.270479 0.210224 
4.368364 -1.489676 
2.682667 -2.850879 
1.709528 -2.687259 
-1.803050 -4.277761 
3.817089 1.826083 
-2.748418 2.465698 
-3.257071 -3.383559 
-4.650440 -0.178640 
1.714753 -2.876784 
-1.212932 4.041077 
2.364037 -4.280127 
3.426891 1.364813 
2.319667 3.181605 
0.698521 -4.582086 
-3.134693 -2.475479 
3.569113 -3.222217 
3.922251 1.859529 
1.644913 -3.577848 
-3.872427 2.592840 
0.907271 5.032536 
0.622930 -5.137372 
-0.976664 3.116245 
0.779038 -3.269212 
4.312710 -1.005225 
3.257959 1.260979 
-1.272933 -3.763428 
4.563704 -0.935301 
5.145127 0.169665 
-3.103170 4.153089 
-4.650293 1.509710 
4.186057 2.911171 
0.522860 4.003927 
4.581092 1.365045 
-5.078699 -0.336682 
-3.802535 -2.601204 
1.065663 3.321509 
-2.249485 -3.802899 
3.192604 -3.722610 
-1.381343 -4.083671 
-0.634567 -3.136078 
-0.043874 3.377821 
-2.138799 -2.763430 
-0.084256 4.740964 
1.066083 -3.454462 
-0.954125 -3.536603 
0.745355 5.121301 
-0.003349 -4.598045 
2.110329 4.378624 
4.820553 0.050402 
3.287635 3.825033 
1.860286 3.822004 
5.064470 0.370636 
-1.141619 -4.273797 
4.656681 -0.942177 
-2.310151 -3.101611 
-3.542411 1.743476 
2.906492 -2.125350 
-1.915438 3.029735 
-3.484921 2.535430 
3.621153 -3.406485 
2.513773 -2.337510 
3.992741 -2.645352 
-1.618625 -3.688642 
4.801179 -0.506339 
2.737500 -4.339996 
0.383805 -4.840172 
3.997510 -1.042140 
-4.862727 0.114137 
-3.932143 -2.251168 
4.368498 -2.604623 
-0.077896 4.286208 
1.305598 -3.833567 
-4.030584 1.538248 
-4.427848 -0.075475 
-2.760089 -4.229377 
-3.663658 3.220515 
0.906604 3.204528 
-1.290707 -3.586000 
3.858844 -2.073083 
2.695499 1.580593 
-3.211616 -1.805188 
-3.117218 4.013977 
-3.862635 -0.174061 
-3.398663 0.583324 
-2.742112 -3.714448 
2.311376 3.600899 
3.396826 0.537233 
1.203825 -3.584245 
0.278156 3.173666 
3.134978 0.054382 
-1.592148 4.527335 
3.210466 -3.557523 
-3.168227 -4.010146 
-1.748309 3.585788 
3.692433 -1.259084 
-2.611852 2.907492 
1.225039 -3.709268 
3.678154 -2.173690 
-0.089923 -4.321680 
1.011884 3.634785 
0.132489 3.786663 
2.125833 -3.404833 
2.007651 4.400152 
-3.289713 -0.370235 
-2.055369 2.770416 
-5.109274 0.543586 
-4.185176 0.767432 
-3.911099 1.520824 
-0.132470 4.014993 
-2.561790 -3.290317 
-4.722460 -0.915704 
-3.738180 2.860897 
-1.178926 -3.571802 
-3.293629 1.533583 
0.093512 -3.754800 
3.333627 -1.926956 
-3.154215 -3.109545 
1.785753 -4.258239 
-1.184654 4.884467 
-4.914472 0.041802 
-4.411465 0.680956 
-3.550155 -3.387813 
4.301728 2.721738 
-2.665350 3.413232 
1.752195 -4.234549 
2.190742 -2.845233 
-3.873315 -2.770532 
-1.183592 4.372161 
3.433387 -3.862884 
-1.656222 -3.724379 
-1.806259 -3.871550 
2.309650 4.385665 
3.538150 3.296176 
-3.920645 -0.065700 
-2.924546 -2.900386 
1.541734 3.667507 
-4.611486 -1.875566 
3.183610 -1.071407 
-0.269516 4.631391 
-2.596503 2.242475 
2.566312 -1.971489 
-3.660835 -3.613035 
2.389854 -4.441377 
2.781869 2.318224 
-3.047569 -4.040898 
-2.986446 1.059915 
4.975832 -0.554066 
3.321614 -2.726953 
-2.476246 -3.677188 
-1.781151 4.862121 
-2.479065 4.351062 
2.812972 -2.392646 
-3.798568 -1.200335 
0.959739 3.938764 
-3.771825 -1.045587 
-2.459780 4.422249 
4.740338 -1.323714 
-2.698061 3.296080 
3.269295 -3.025268 
-0.084019 -3.474320 
0.012575 3.967324 
-0.832368 -3.171937 
4.281892 1.964861 
3.059184 1.976530 
0.419487 3.560316 
-4.279521 0.827972 
2.816667 -4.246230 
4.783041 -0.790388 
-0.451075 -3.699674 
-0.649445 -4.117067 
2.441063 -3.144573 
3.232492 -2.638531 
-2.046523 3.631737 
-1.802769 -3.224513 
2.265489 3.099585 
-2.392338 2.397901 
-3.922006 2.301178 
-2.168226 -3.017308 
-1.756896 4.477035 
-3.663903 -1.906833 
0.139191 -4.375746 
3.874896 -1.815648 
-2.852190 -2.815810 
3.500534 -1.243877 
1.919796 2.910629 
-2.817830 2.310516 
-0.036294 5.122424 
1.276408 -3.358509 
3.855050 2.906514 
3.866876 2.135224 
3.486688 -2.685405 
-3.701196 -1.558742 
3.544582 -0.760588 
-1.497260 3.840497 
3.551252 -0.559332 
3.129129 3.088620 
-0.776216 3.721834 
-0.207408 -4.411642 
-5.057095 0.531358 
-4.065099 2.602328 
1.802825 -3.326250 
-2.972351 -2.360857 
-2.601168 4.302495 
1.774803 -4.732892 
-2.983027 3.754230 
1.906035 -3.273787 
0.054483 3.396260 
2.513447 3.870309 
-3.435887 1.041181 
-1.490666 -3.882977 
-2.875655 3.467018 
-3.242479 1.183234 
2.152981 -3.517467 
1.228006 5.009764 
3.718773 -2.224630 
-1.798901 -4.763904 
1.091682 4.669253 
3.709833 1.274119 
1.309046 4.540187 
3.164842 3.862055 
-2.816360 -1.538308 
-3.140902 0.882686 
4.680377 -1.420435 
1.725895 2.969645 
2.807729 2.865771 
4.576111 2.177685 
-2.592644 3.805799 
3.322092 0.911919 
-3.444486 -1.687749 
2.252271 -3.886672 
3.791636 1.712928 
1.537812 3.246138 
-2.807796 -2.751232 
-1.480073 -3.979964 
5.091807 0.141284 
-4.181565 -1.948312 
-0.014951 -4.570175 
-2.351765 2.056491 
0.505798 4.085559 
-2.762606 3.102045 
0.221116 -3.377240 
1.993023 4.734779 
0.905050 3.515733 
-3.930769 -2.491670 
-3.300447 -1.296382 
1.701988 3.437802 
1.640883 4.494924 
3.495802 0.879896 
4.272485 -2.573348 
0.872797 3.465279 
3.667427 -1.201184 
-5.060445 0.795233 
2.932738 -2.905641 
-2.862864 -3.811328 
2.569956 3.765337 
2.809366 -3.873523 
-1.631618 -3.861484 
3.295335 -2.098432 
1.583599 -4.803550 
0.507069 4.825991 
1.717204 -3.108067 
-4.430957 1.044525 
1.008254 3.187797 
2.858875 2.826178 
2.732167 -2.063798 
-1.505491 3.749748 
-3.544604 -1.845589 
4.358318 2.738420 
-2.809830 4.260721 
3.401418 1.404268 
4.486116 1.797676 
-2.857016 -3.531933 
-3.614368 -2.048089 
2.348020 -2.444352 
1.462534 4.828037 
2.329773 4.055599 
4.942622 -0.930667 
3.263157 -0.543819 
-0.365919 4.027353 
4.253163 1.778547 
1.429307 -4.007568 
4.321128 1.364614 
3.947858 3.205555 
1.935171 3.905911 
2.407149 2.647936 
0.998616 -3.413210 
-1.052807 3.646773 
3.994938 -2.356164 
4.280178 -0.224076 
3.329024 -0.607136 
0.237472 -3.646054 
-4.373821 1.903639 
2.158877 -3.508033 
-2.488343 -2.256777 
-4.887675 0.210530 
1.759609 -3.082860 
0.908347 -4.620391 
-3.374729 -0.412189 
3.515450 2.315083 
-3.533605 1.283103 
-1.871140 -3.742191 
1.399603 -2.832132 
4.229032 -2.352330 
2.148078 -4.460196 
-4.130392 2.050973 
4.816207 -0.941680 
-3.616364 -3.261368 
-0.212367 -4.805656 
-2.803513 -3.525891 
3.542197 -0.982446 
2.322515 -2.707258 
-3.638393 -3.230721 
2.656985 -3.116993 
-1.979898 2.779052 
1.823062 -4.723690 
-2.900203 2.642166 
4.294362 0.974039 
4.300903 1.001494 
-2.337442 4.360967 
0.327906 3.613282 
4.262307 1.450696 
4.095345 2.781576 
-1.190989 -5.011688 
2.371687 -2.975078 
0.771277 4.067389 
3.396156 -2.404791 
-2.173168 -2.945118 
-1.092546 -3.825286 
-1.625181 -3.378105 
3.447692 0.690831 
3.149120 -0.305973 
-3.442581 -1.226698 
-2.123189 -2.478342 
-2.673652 3.862180 
-1.816628 4.437272 
1.977098 3.691398 
-3.761195 2.907781 
2.626687 -2.589307 
3.357687 -2.887574 
3.107866 0.992555 
2.451177 3.248954 
-3.900449 0.359071 
-4.523609 -1.564208 
3.818057 -1.319353 
4.722424 -0.839054 
-2.461285 3.754713 
-3.500242 -3.176826 
-3.745133 -1.771711 
-4.709060 1.803728 
-3.182915 0.212156 
2.909548 -2.567285 
2.000410 -3.587784 
1.677995 -3.705992 
-2.129666 -2.453768 
1.106339 3.903069 
-3.512999 -0.597002 
3.191432 -0.146003 
4.753641 1.581802 
2.995949 -2.906668 
2.546316 2.374700 
3.033113 2.305494 
1.797981 3.843616 
4.754354 -1.599104 
-0.729250 4.423567 
2.223318 -4.616118 
3.857861 2.080164 
0.740534 4.479911 
3.834871 2.124286 
-0.783757 4.721367 
-3.258518 2.991500 
2.263829 -3.314285 
3.988047 -3.218086 
2.564785 3.900619 
2.175662 4.591560 
0.659530 -3.534982 
-4.535511 -0.676588 
4.826633 -1.252061 
-4.851063 1.113643 
1.134967 4.785219 
0.749302 -4.431333 
-4.189706 -0.991356 
-3.978313 0.670881 
2.728887 -1.570761 
-0.021130 -3.389631 
-2.260304 -2.321251 
-4.613408 1.547458 
-1.249206 2.904469 
3.350385 -2.448050 
4.346481 1.330630 
2.716428 3.123787 
-3.991007 2.352605 
-2.403940 -4.361966 
4.662089 -1.783222 
4.216931 0.096107 
-2.895878 -2.193385 
-2.975301 3.595094 
-3.159747 3.047747 
-3.583362 1.424743 
-2.746613 3.565023 
2.715737 3.139591 
4.573506 2.114536 
2.306172 4.193956 
4.014754 -0.489648 
-3.882793 -0.985718 
-4.073349 0.719762 
3.374277 1.798217 
-1.728340 4.050901 
2.849786 3.153319 
4.528454 -0.406306 
4.507942 -0.756593 
-2.659144 -2.249092 
-2.767872 -2.800743 
4.646659 -1.324484 
0.324108 4.114207 
-3.463034 2.518468 
-2.307203 3.855260 
-2.504325 -1.868943 
0.542092 -4.652067 
2.575859 3.915960 
2.405738 2.558837 
3.491893 1.777940 
-4.399923 -2.376705 
-3.216283 0.855791 
3.616444 -2.622022 
0.320229 3.797613 
-3.705394 -1.746026 
-1.241308 -4.620644 
0.232717 -3.304812 
-3.862041 -1.253998 
4.373171 2.255780 
-0.744804 3.945635 
-2.897577 -2.368578 
-2.629082 -4.106888 
-2.601598 -2.879933 
3.380537 -3.474912 
2.648499 -1.926866 
4.545594 0.210824 
2.641359 -3.152662 
2.290249 -2.996822 
4.860774 -1.826866 
4.146653 -1.056434 
0.894981 4.714681 
3.233943 2.544070 
-2.763723 -4.136176 
2.040430 3.550762 
3.500840 -0.704083 
4.167965 1.568670 
3.908640 -0.042239 
4.151076 2.704701 
-0.485275 3.388871 
-3.299943 -3.873175 
-4.427089 -0.032359 
