339.843750 804.687500 
347.656250 687.500000 
398.437500 1265.625000 
367.187500 667.968750 
390.625000 667.968750 
386.718750 738.281250 
394.531250 707.031250 
398.437500 718.750000 
398.437500 730.468750 
410.156250 730.468750 
406.250000 757.812500 
410.156250 757.812500 
414.062500 769.531250 
417.968750 773.437500 
421.875000 781.250000 
429.687500 789.062500 
421.875000 792.968750 
429.687500 800.781250 
433.593750 804.687500 
429.687500 804.687500 
453.125000 800.781250 
425.781250 808.593750 
437.500000 812.500000 
429.687500 812.500000 
441.406250 812.500000 
429.687500 816.406250 
441.406250 820.312500 
445.312500 816.406250 
453.125000 812.500000 
433.593750 824.218750 
449.218750 824.218750 
437.500000 828.125000 
449.218750 824.218750 
437.500000 832.031250 
445.312500 828.125000 
437.500000 832.031250 
453.125000 832.031250 
449.218750 839.843750 
453.125000 835.937500 
441.406250 843.750000 
464.843750 839.843750 
449.218750 843.750000 
460.937500 835.937500 
445.312500 839.843750 
457.031250 832.031250 
449.218750 835.937500 
453.125000 835.937500 
453.125000 835.937500 
457.031250 835.937500 
457.031250 839.843750 
453.125000 843.750000 
453.125000 843.750000 
460.937500 843.750000 
457.031250 851.562500 
460.937500 847.656250 
449.218750 855.468750 
464.843750 851.562500 
441.406250 851.562500 
449.218750 847.656250 
449.218750 843.750000 
453.125000 847.656250 
457.031250 847.656250 
445.312500 851.562500 
441.406250 851.562500 
445.312500 851.562500 
449.218750 855.468750 
453.125000 855.468750 
457.031250 847.656250 
457.031250 847.656250 
457.031250 843.750000 
457.031250 843.750000 
453.125000 839.843750 
445.312500 843.750000 
449.218750 843.750000 
453.125000 839.843750 
449.218750 839.843750 
437.500000 851.562500 
449.218750 847.656250 
437.500000 855.468750 
425.781250 859.375000 
417.968750 859.375000 
421.875000 863.281250 
445.312500 839.843750 
417.968750 859.375000 
421.875000 855.468750 
402.343750 851.562500 
421.875000 851.562500 
417.968750 835.937500 
402.343750 843.750000 
410.156250 824.218750 
410.156250 796.875000 
3.906250 425.781250 
417.968750 765.625000 
421.875000 1296.875000 
414.062500 773.437500 
414.062500 777.343750 
421.875000 785.156250 
425.781250 785.156250 
433.593750 773.437500 
429.687500 777.343750 
433.593750 777.343750 
406.250000 777.343750 
437.500000 835.937500 
367.187500 816.406250 
398.437500 742.187500 
449.218750 863.281250 
417.968750 1175.781250 
480.468750 839.843750 
406.250000 765.625000 
406.250000 769.531250 
398.437500 730.468750 
316.406250 875.000000 
437.500000 937.500000 
535.156250 1113.281250 
445.312500 933.593750 
421.875000 972.656250 
441.406250 914.062500 
445.312500 925.781250 
441.406250 929.687500 
457.031250 914.062500 
441.406250 976.562500 
464.843750 898.437500 
468.750000 890.625000 
468.750000 894.531250 
464.843750 894.531250 
484.375000 886.718750 
460.937500 894.531250 
457.031250 890.625000 
464.843750 886.718750 
472.656250 878.906250 
464.843750 867.187500 
464.843750 863.281250 
464.843750 859.375000 
464.843750 859.375000 
464.843750 855.468750 
464.843750 855.468750 
472.656250 839.843750 
464.843750 855.468750 
468.750000 859.375000 
468.750000 863.281250 
472.656250 863.281250 
476.562500 863.281250 
472.656250 863.281250 
472.656250 863.281250 
476.562500 863.281250 
476.562500 867.187500 
476.562500 867.187500 
480.468750 867.187500 
480.468750 867.187500 
480.468750 867.187500 
476.562500 863.281250 
484.375000 863.281250 
480.468750 863.281250 
480.468750 859.375000 
480.468750 859.375000 
484.375000 859.375000 
480.468750 859.375000 
484.375000 859.375000 
488.281250 859.375000 
488.281250 863.281250 
488.281250 867.187500 
492.187500 871.093750 
492.187500 871.093750 
492.187500 871.093750 
492.187500 871.093750 
492.187500 871.093750 
492.187500 871.093750 
492.187500 871.093750 
496.093750 871.093750 
496.093750 867.187500 
500.000000 867.187500 
500.000000 867.187500 
496.093750 863.281250 
503.906250 867.187500 
503.906250 867.187500 
507.812500 867.187500 
503.906250 871.093750 
503.906250 871.093750 
519.531250 867.187500 
503.906250 875.000000 
503.906250 878.906250 
500.000000 878.906250 
500.000000 875.000000 
507.812500 867.187500 
496.093750 867.187500 
496.093750 863.281250 
500.000000 867.187500 
511.718750 863.281250 
503.906250 867.187500 
507.812500 863.281250 
511.718750 859.375000 
511.718750 882.812500 
515.625000 875.000000 
531.250000 878.906250 
515.625000 843.750000 
3.906250 582.031250 
445.312500 843.750000 
421.875000 843.750000 
410.156250 855.468750 
531.250000 906.250000 
421.875000 906.250000 
417.968750 851.562500 
437.500000 835.937500 
433.593750 843.750000 
437.500000 839.843750 
449.218750 832.031250 
445.312500 828.125000 
441.406250 828.125000 
449.218750 824.218750 
449.218750 820.312500 
457.031250 816.406250 
445.312500 824.218750 
460.937500 820.312500 
449.218750 824.218750 
460.937500 824.218750 
453.125000 824.218750 
457.031250 816.406250 
457.031250 812.500000 
457.031250 800.781250 
457.031250 792.968750 
457.031250 800.781250 
453.125000 804.687500 
453.125000 808.593750 
453.125000 812.500000 
457.031250 816.406250 
449.218750 824.218750 
457.031250 820.312500 
464.843750 820.312500 
464.843750 820.312500 
457.031250 828.125000 
453.125000 832.031250 
460.937500 832.031250 
449.218750 832.031250 
460.937500 832.031250 
460.937500 832.031250 
468.750000 828.125000 
460.937500 832.031250 
464.843750 832.031250 
468.750000 835.937500 
457.031250 835.937500 
468.750000 835.937500 
476.562500 832.031250 
460.937500 839.843750 
472.656250 835.937500 
480.468750 832.031250 
480.468750 832.031250 
480.468750 832.031250 
460.937500 839.843750 
488.281250 824.218750 
476.562500 832.031250 
476.562500 832.031250 
492.187500 812.500000 
492.187500 812.500000 
500.000000 808.593750 
492.187500 820.312500 
496.093750 820.312500 
496.093750 820.312500 
500.000000 816.406250 
500.000000 816.406250 
496.093750 828.125000 
496.093750 828.125000 
507.812500 816.406250 
500.000000 824.218750 
500.000000 828.125000 
507.812500 820.312500 
507.812500 820.312500 
500.000000 828.125000 
503.906250 824.218750 
500.000000 828.125000 
507.812500 824.218750 
503.906250 828.125000 
515.625000 820.312500 
511.718750 824.218750 
507.812500 828.125000 
507.812500 832.031250 
511.718750 824.218750 
507.812500 832.031250 
503.906250 835.937500 
480.468750 847.656250 
507.812500 835.937500 
500.000000 843.750000 
492.187500 847.656250 
496.093750 839.843750 
476.562500 843.750000 
480.468750 839.843750 
492.187500 832.031250 
488.281250 832.031250 
488.281250 832.031250 
500.000000 828.125000 
507.812500 839.843750 
480.468750 851.562500 
480.468750 855.468750 
472.656250 851.562500 
480.468750 855.468750 
488.281250 859.375000 
492.187500 859.375000 
488.281250 832.031250 
496.093750 859.375000 
3.906250 574.218750 
500.000000 839.843750 
488.281250 917.968750 
476.562500 941.406250 
390.625000 839.843750 
425.781250 824.218750 
410.156250 843.750000 
421.875000 847.656250 
429.687500 851.562500 
433.593750 832.031250 
441.406250 835.937500 
449.218750 847.656250 
457.031250 851.562500 
457.031250 855.468750 
460.937500 855.468750 
464.843750 855.468750 
468.750000 855.468750 
476.562500 851.562500 
476.562500 859.375000 
484.375000 859.375000 
484.375000 859.375000 
480.468750 851.562500 
472.656250 843.750000 
476.562500 843.750000 
476.562500 855.468750 
472.656250 859.375000 
484.375000 855.468750 
484.375000 855.468750 
472.656250 863.281250 
476.562500 867.187500 
476.562500 871.093750 
488.281250 867.187500 
492.187500 867.187500 
484.375000 875.000000 
484.375000 878.906250 
480.468750 878.906250 
476.562500 882.812500 
484.375000 882.812500 
488.281250 878.906250 
476.562500 878.906250 
484.375000 882.812500 
488.281250 882.812500 
488.281250 882.812500 
488.281250 882.812500 
492.187500 882.812500 
503.906250 882.812500 
496.093750 886.718750 
488.281250 882.812500 
500.000000 882.812500 
511.718750 875.000000 
507.812500 878.906250 
503.906250 878.906250 
507.812500 878.906250 
511.718750 875.000000 
527.343750 863.281250 
511.718750 878.906250 
523.437500 871.093750 
523.437500 875.000000 
515.625000 878.906250 
507.812500 882.812500 
507.812500 882.812500 
511.718750 882.812500 
511.718750 882.812500 
519.531250 875.000000 
519.531250 878.906250 
523.437500 871.093750 
531.250000 867.187500 
523.437500 871.093750 
519.531250 875.000000 
519.531250 875.000000 
511.718750 878.906250 
527.343750 867.187500 
531.250000 867.187500 
531.250000 867.187500 
542.968750 855.468750 
542.968750 855.468750 
542.968750 855.468750 
546.875000 847.656250 
546.875000 847.656250 
531.250000 878.906250 
546.875000 851.562500 
554.687500 843.750000 
554.687500 847.656250 
550.781250 859.375000 
550.781250 855.468750 
542.968750 878.906250 
542.968750 882.812500 
539.062500 882.812500 
535.156250 890.625000 
542.968750 882.812500 
554.687500 871.093750 
531.250000 890.625000 
527.343750 886.718750 
531.250000 878.906250 
523.437500 878.906250 
535.156250 882.812500 
535.156250 890.625000 
531.250000 894.531250 
539.062500 902.343750 
519.531250 902.343750 
527.343750 886.718750 
523.437500 886.718750 
523.437500 894.531250 
527.343750 886.718750 
535.156250 902.343750 
523.437500 906.250000 
558.593750 863.281250 
410.156250 1007.812500 
429.687500 855.468750 
406.250000 964.843750 
421.875000 949.218750 
417.968750 929.687500 
445.312500 929.687500 
429.687500 925.781250 
425.781250 941.406250 
453.125000 914.062500 
437.500000 933.593750 
441.406250 925.781250 
429.687500 929.687500 
445.312500 925.781250 
441.406250 921.875000 
457.031250 914.062500 
464.843750 917.968750 
468.750000 914.062500 
468.750000 921.875000 
468.750000 921.875000 
468.750000 925.781250 
460.937500 933.593750 
468.750000 933.593750 
472.656250 933.593750 
468.750000 937.500000 
460.937500 937.500000 
484.375000 933.593750 
484.375000 933.593750 
476.562500 937.500000 
488.281250 933.593750 
496.093750 933.593750 
496.093750 933.593750 
515.625000 925.781250 
511.718750 929.687500 
515.625000 933.593750 
515.625000 933.593750 
511.718750 933.593750 
527.343750 925.781250 
535.156250 921.875000 
535.156250 921.875000 
535.156250 921.875000 
535.156250 921.875000 
519.531250 929.687500 
531.250000 925.781250 
523.437500 929.687500 
531.250000 925.781250 
535.156250 917.968750 
527.343750 925.781250 
527.343750 921.875000 
527.343750 917.968750 
527.343750 921.875000 
523.437500 921.875000 
535.156250 914.062500 
523.437500 917.968750 
527.343750 917.968750 
527.343750 914.062500 
523.437500 917.968750 
527.343750 914.062500 
523.437500 917.968750 
523.437500 917.968750 
519.531250 921.875000 
519.531250 921.875000 
519.531250 921.875000 
519.531250 921.875000 
519.531250 921.875000 
523.437500 917.968750 
523.437500 917.968750 
519.531250 917.968750 
515.625000 921.875000 
519.531250 914.062500 
515.625000 917.968750 
511.718750 921.875000 
515.625000 921.875000 
519.531250 921.875000 
519.531250 917.968750 
515.625000 925.781250 
515.625000 921.875000 
527.343750 914.062500 
519.531250 921.875000 
507.812500 925.781250 
515.625000 925.781250 
531.250000 914.062500 
519.531250 921.875000 
535.156250 917.968750 
515.625000 925.781250 
535.156250 917.968750 
535.156250 914.062500 
535.156250 917.968750 
519.531250 921.875000 
535.156250 914.062500 
539.062500 914.062500 
535.156250 917.968750 
531.250000 921.875000 
527.343750 929.687500 
523.437500 929.687500 
542.968750 917.968750 
523.437500 933.593750 
515.625000 937.500000 
535.156250 929.687500 
523.437500 937.500000 
539.062500 933.593750 
550.781250 925.781250 
554.687500 925.781250 
535.156250 937.500000 
531.250000 937.500000 
562.500000 921.875000 
542.968750 933.593750 
550.781250 917.968750 
535.156250 921.875000 
527.343750 925.781250 
539.062500 941.406250 
527.343750 957.031250 
539.062500 945.312500 
527.343750 957.031250 
527.343750 941.406250 
546.875000 960.937500 
535.156250 949.218750 
539.062500 968.750000 
378.906250 863.281250 
390.625000 828.125000 
468.750000 1273.437500 
398.437500 855.468750 
398.437500 855.468750 
414.062500 851.562500 
410.156250 855.468750 
417.968750 847.656250 
429.687500 851.562500 
433.593750 847.656250 
445.312500 847.656250 
449.218750 859.375000 
453.125000 859.375000 
464.843750 859.375000 
464.843750 867.187500 
468.750000 867.187500 
472.656250 875.000000 
480.468750 871.093750 
480.468750 878.906250 
484.375000 886.718750 
492.187500 886.718750 
507.812500 886.718750 
500.000000 890.625000 
507.812500 890.625000 
507.812500 890.625000 
515.625000 886.718750 
507.812500 886.718750 
511.718750 890.625000 
523.437500 890.625000 
523.437500 894.531250 
527.343750 898.437500 
527.343750 902.343750 
527.343750 906.250000 
523.437500 910.156250 
535.156250 910.156250 
535.156250 914.062500 
535.156250 917.968750 
531.250000 917.968750 
535.156250 914.062500 
535.156250 914.062500 
539.062500 914.062500 
535.156250 914.062500 
535.156250 910.156250 
535.156250 914.062500 
535.156250 910.156250 
539.062500 914.062500 
539.062500 914.062500 
539.062500 917.968750 
539.062500 921.875000 
539.062500 921.875000 
539.062500 921.875000 
539.062500 925.781250 
542.968750 925.781250 
539.062500 929.687500 
550.781250 925.781250 
550.781250 929.687500 
542.968750 933.593750 
554.687500 929.687500 
554.687500 933.593750 
554.687500 937.500000 
554.687500 933.593750 
539.062500 941.406250 
558.593750 937.500000 
554.687500 937.500000 
550.781250 941.406250 
558.593750 941.406250 
562.500000 941.406250 
562.500000 937.500000 
562.500000 941.406250 
558.593750 941.406250 
566.406250 937.500000 
570.312500 933.593750 
562.500000 941.406250 
574.218750 917.968750 
566.406250 933.593750 
570.312500 929.687500 
558.593750 941.406250 
550.781250 949.218750 
566.406250 929.687500 
550.781250 945.312500 
558.593750 945.312500 
562.500000 937.500000 
539.062500 953.125000 
554.687500 953.125000 
554.687500 953.125000 
558.593750 957.031250 
562.500000 953.125000 
562.500000 957.031250 
562.500000 957.031250 
562.500000 957.031250 
566.406250 957.031250 
566.406250 957.031250 
566.406250 960.937500 
566.406250 957.031250 
570.312500 960.937500 
570.312500 957.031250 
570.312500 957.031250 
570.312500 957.031250 
570.312500 953.125000 
566.406250 960.937500 
566.406250 957.031250 
566.406250 957.031250 
570.312500 953.125000 
574.218750 945.312500 
566.406250 953.125000 
574.218750 941.406250 
570.312500 949.218750 
574.218750 937.500000 
578.125000 937.500000 
578.125000 937.500000 
566.406250 953.125000 
566.406250 949.218750 
578.125000 937.500000 
578.125000 933.593750 
566.406250 941.406250 
550.781250 937.500000 
558.593750 933.593750 
566.406250 937.500000 
562.500000 949.218750 
554.687500 957.031250 
523.437500 960.937500 
550.781250 949.218750 
531.250000 945.312500 
550.781250 941.406250 
539.062500 941.406250 
542.968750 933.593750 
492.187500 968.750000 
500.000000 843.750000 
414.062500 871.093750 
484.375000 875.000000 
496.093750 855.468750 
492.187500 855.468750 
476.562500 855.468750 
476.562500 847.656250 
476.562500 843.750000 
476.562500 843.750000 
476.562500 847.656250 
472.656250 851.562500 
472.656250 855.468750 
472.656250 859.375000 
472.656250 859.375000 
472.656250 863.281250 
468.750000 859.375000 
472.656250 863.281250 
472.656250 859.375000 
476.562500 863.281250 
476.562500 863.281250 
472.656250 863.281250 
476.562500 867.187500 
476.562500 867.187500 
472.656250 863.281250 
480.468750 863.281250 
476.562500 863.281250 
476.562500 863.281250 
484.375000 863.281250 
480.468750 863.281250 
488.281250 863.281250 
484.375000 863.281250 
488.281250 863.281250 
488.281250 867.187500 
484.375000 867.187500 
488.281250 867.187500 
488.281250 867.187500 
480.468750 863.281250 
488.281250 867.187500 
484.375000 863.281250 
484.375000 863.281250 
488.281250 863.281250 
488.281250 863.281250 
492.187500 867.187500 
488.281250 867.187500 
492.187500 867.187500 
496.093750 867.187500 
492.187500 867.187500 
500.000000 867.187500 
496.093750 867.187500 
496.093750 867.187500 
496.093750 867.187500 
500.000000 867.187500 
500.000000 867.187500 
496.093750 867.187500 
496.093750 867.187500 
496.093750 863.281250 
503.906250 863.281250 
503.906250 863.281250 
507.812500 863.281250 
496.093750 863.281250 
500.000000 863.281250 
503.906250 863.281250 
507.812500 863.281250 
500.000000 867.187500 
500.000000 867.187500 
507.812500 863.281250 
507.812500 863.281250 
503.906250 867.187500 
503.906250 863.281250 
503.906250 863.281250 
503.906250 863.281250 
507.812500 863.281250 
503.906250 863.281250 
503.906250 863.281250 
503.906250 867.187500 
507.812500 867.187500 
507.812500 867.187500 
503.906250 867.187500 
507.812500 867.187500 
507.812500 867.187500 
507.812500 867.187500 
507.812500 871.093750 
507.812500 867.187500 
507.812500 867.187500 
511.718750 867.187500 
507.812500 867.187500 
523.437500 859.375000 
515.625000 859.375000 
523.437500 855.468750 
531.250000 847.656250 
519.531250 855.468750 
523.437500 851.562500 
523.437500 851.562500 
511.718750 847.656250 
472.656250 871.093750 
550.781250 765.625000 
453.125000 890.625000 
531.250000 804.687500 
554.687500 789.062500 
542.968750 781.250000 
523.437500 800.781250 
519.531250 796.875000 
527.343750 789.062500 
507.812500 800.781250 
511.718750 800.781250 
523.437500 792.968750 
511.718750 800.781250 
515.625000 800.781250 
519.531250 804.687500 
527.343750 800.781250 
523.437500 800.781250 
527.343750 796.875000 
531.250000 792.968750 
531.250000 792.968750 
582.031250 777.343750 
542.968750 792.968750 
558.593750 789.062500 
546.875000 792.968750 
562.500000 789.062500 
550.781250 792.968750 
539.062500 796.875000 
589.843750 781.250000 
566.406250 789.062500 
550.781250 792.968750 
773.437500 1171.875000 
781.250000 1171.875000 
582.031250 789.062500 
558.593750 792.968750 
574.218750 789.062500 
554.687500 796.875000 
566.406250 792.968750 
585.937500 792.968750 
789.062500 1171.875000 
574.218750 796.875000 
605.468750 792.968750 
570.312500 800.781250 
550.781250 804.687500 
558.593750 804.687500 
570.312500 804.687500 
550.781250 808.593750 
558.593750 808.593750 
800.781250 1183.593750 
574.218750 808.593750 
550.781250 816.406250 
589.843750 808.593750 
605.468750 808.593750 
542.968750 820.312500 
566.406250 816.406250 
542.968750 820.312500 
566.406250 816.406250 
542.968750 824.218750 
566.406250 820.312500 
546.875000 824.218750 
546.875000 824.218750 
566.406250 816.406250 
546.875000 824.218750 
546.875000 824.218750 
542.968750 824.218750 
542.968750 828.125000 
539.062500 828.125000 
554.687500 828.125000 
535.156250 832.031250 
531.250000 832.031250 
554.687500 828.125000 
539.062500 835.937500 
539.062500 835.937500 
531.250000 839.843750 
531.250000 839.843750 
531.250000 839.843750 
546.875000 835.937500 
527.343750 843.750000 
539.062500 839.843750 
527.343750 843.750000 
539.062500 843.750000 
531.250000 843.750000 
527.343750 843.750000 
539.062500 843.750000 
531.250000 847.656250 
531.250000 847.656250 
531.250000 847.656250 
531.250000 847.656250 
531.250000 847.656250 
539.062500 847.656250 
527.343750 851.562500 
531.250000 851.562500 
535.156250 851.562500 
535.156250 851.562500 
531.250000 851.562500 
531.250000 851.562500 
531.250000 851.562500 
527.343750 851.562500 
539.062500 847.656250 
527.343750 851.562500 
539.062500 847.656250 
535.156250 851.562500 
531.250000 851.562500 
546.875000 851.562500 
539.062500 855.468750 
542.968750 851.562500 
554.687500 847.656250 
546.875000 851.562500 
558.593750 847.656250 
554.687500 847.656250 
574.218750 847.656250 
570.312500 847.656250 
546.875000 851.562500 
531.250000 859.375000 
718.750000 1234.375000 
558.593750 851.562500 
824.218750 1238.281250 
472.656250 882.812500 
628.906250 785.156250 
515.625000 847.656250 
355.468750 773.437500 
500.000000 847.656250 
496.093750 851.562500 
496.093750 847.656250 
492.187500 847.656250 
488.281250 847.656250 
488.281250 851.562500 
480.468750 855.468750 
480.468750 855.468750 
476.562500 855.468750 
476.562500 855.468750 
476.562500 855.468750 
476.562500 855.468750 
476.562500 855.468750 
480.468750 859.375000 
476.562500 859.375000 
480.468750 855.468750 
476.562500 855.468750 
476.562500 855.468750 
480.468750 855.468750 
476.562500 855.468750 
476.562500 855.468750 
484.375000 855.468750 
480.468750 859.375000 
484.375000 859.375000 
476.562500 855.468750 
480.468750 859.375000 
484.375000 859.375000 
480.468750 859.375000 
484.375000 859.375000 
488.281250 859.375000 
488.281250 859.375000 
496.093750 859.375000 
492.187500 863.281250 
496.093750 863.281250 
500.000000 859.375000 
492.187500 863.281250 
492.187500 863.281250 
496.093750 863.281250 
503.906250 867.187500 
511.718750 863.281250 
507.812500 867.187500 
507.812500 867.187500 
511.718750 863.281250 
507.812500 867.187500 
511.718750 863.281250 
507.812500 867.187500 
511.718750 867.187500 
515.625000 863.281250 
511.718750 867.187500 
511.718750 863.281250 
503.906250 867.187500 
511.718750 863.281250 
511.718750 863.281250 
515.625000 863.281250 
511.718750 863.281250 
507.812500 863.281250 
515.625000 863.281250 
515.625000 859.375000 
515.625000 863.281250 
507.812500 863.281250 
511.718750 867.187500 
515.625000 863.281250 
507.812500 867.187500 
507.812500 867.187500 
507.812500 867.187500 
507.812500 867.187500 
507.812500 867.187500 
507.812500 867.187500 
507.812500 867.187500 
507.812500 867.187500 
511.718750 863.281250 
511.718750 867.187500 
511.718750 867.187500 
511.718750 867.187500 
507.812500 867.187500 
511.718750 867.187500 
511.718750 867.187500 
507.812500 867.187500 
511.718750 867.187500 
507.812500 867.187500 
511.718750 867.187500 
515.625000 867.187500 
515.625000 871.093750 
519.531250 867.187500 
519.531250 871.093750 
515.625000 875.000000 
523.437500 871.093750 
519.531250 871.093750 
523.437500 871.093750 
519.531250 871.093750 
523.437500 871.093750 
523.437500 871.093750 
523.437500 871.093750 
519.531250 871.093750 
523.437500 867.187500 
523.437500 871.093750 
527.343750 867.187500 
531.250000 867.187500 
542.968750 867.187500 
550.781250 863.281250 
546.875000 863.281250 
550.781250 859.375000 
539.062500 859.375000 
531.250000 859.375000 
148.437500 578.125000 
570.312500 839.843750 
152.343750 582.031250 
835.937500 1214.843750 
476.562500 859.375000 
503.906250 882.812500 
523.437500 828.125000 
3.906250 531.250000 
511.718750 812.500000 
507.812500 812.500000 
511.718750 816.406250 
511.718750 816.406250 
507.812500 812.500000 
503.906250 812.500000 
503.906250 808.593750 
503.906250 808.593750 
503.906250 804.687500 
507.812500 796.875000 
500.000000 820.312500 
500.000000 800.781250 
496.093750 800.781250 
503.906250 789.062500 
496.093750 796.875000 
496.093750 804.687500 
496.093750 804.687500 
484.375000 816.406250 
500.000000 800.781250 
488.281250 812.500000 
488.281250 812.500000 
480.468750 816.406250 
492.187500 812.500000 
492.187500 812.500000 
503.906250 800.781250 
503.906250 804.687500 
503.906250 808.593750 
488.281250 820.312500 
500.000000 812.500000 
500.000000 812.500000 
500.000000 816.406250 
492.187500 824.218750 
496.093750 820.312500 
496.093750 820.312500 
500.000000 820.312500 
503.906250 816.406250 
503.906250 812.500000 
500.000000 820.312500 
515.625000 804.687500 
500.000000 820.312500 
503.906250 820.312500 
503.906250 816.406250 
507.812500 808.593750 
500.000000 816.406250 
507.812500 804.687500 
507.812500 800.781250 
507.812500 800.781250 
500.000000 812.500000 
500.000000 808.593750 
500.000000 812.500000 
82.031250 511.718750 
500.000000 812.500000 
503.906250 804.687500 
515.625000 781.250000 
503.906250 808.593750 
503.906250 808.593750 
503.906250 812.500000 
503.906250 804.687500 
511.718750 785.156250 
74.218750 511.718750 
507.812500 800.781250 
511.718750 789.062500 
515.625000 781.250000 
515.625000 769.531250 
511.718750 796.875000 
511.718750 800.781250 
507.812500 816.406250 
511.718750 808.593750 
511.718750 792.968750 
46.875000 511.718750 
511.718750 804.687500 
511.718750 808.593750 
511.718750 804.687500 
511.718750 789.062500 
511.718750 792.968750 
503.906250 812.500000 
511.718750 781.250000 
89.843750 523.437500 
511.718750 781.250000 
515.625000 1167.968750 
89.843750 519.531250 
85.937500 515.625000 
511.718750 1160.156250 
93.750000 519.531250 
93.750000 519.531250 
507.812500 789.062500 
89.843750 519.531250 
3.906250 515.625000 
511.718750 1183.593750 
105.468750 523.437500 
101.562500 523.437500 
3.906250 519.531250 
101.562500 523.437500 
515.625000 1179.687500 
109.375000 527.343750 
105.468750 527.343750 
89.843750 527.343750 
523.437500 1183.593750 
523.437500 1183.593750 
519.531250 1187.500000 
82.031250 527.343750 
93.750000 527.343750 
523.437500 1164.062500 
519.531250 1171.875000 
531.250000 1164.062500 
519.531250 1171.875000 
531.250000 1160.156250 
535.156250 1160.156250 
531.250000 1156.250000 
523.437500 1179.687500 
531.250000 1148.437500 
535.156250 1164.062500 
539.062500 1156.250000 
546.875000 1156.250000 
140.625000 550.781250 
3.906250 550.781250 
136.718750 546.875000 
160.156250 562.500000 
585.937500 1191.406250 
648.437500 1210.937500 
722.656250 1203.125000 
531.250000 820.312500 
125.000000 609.375000 
156.250000 695.312500 
500.000000 867.187500 
535.156250 816.406250 
515.625000 835.937500 
519.531250 800.781250 
507.812500 816.406250 
507.812500 820.312500 
515.625000 816.406250 
503.906250 820.312500 
515.625000 812.500000 
507.812500 816.406250 
503.906250 816.406250 
515.625000 808.593750 
507.812500 812.500000 
511.718750 808.593750 
503.906250 812.500000 
503.906250 812.500000 
511.718750 804.687500 
500.000000 816.406250 
503.906250 812.500000 
500.000000 820.312500 
500.000000 820.312500 
511.718750 812.500000 
500.000000 820.312500 
503.906250 824.218750 
503.906250 824.218750 
503.906250 824.218750 
500.000000 828.125000 
500.000000 832.031250 
503.906250 832.031250 
507.812500 832.031250 
500.000000 835.937500 
511.718750 832.031250 
511.718750 832.031250 
511.718750 835.937500 
500.000000 835.937500 
511.718750 835.937500 
511.718750 835.937500 
511.718750 835.937500 
503.906250 839.843750 
507.812500 835.937500 
511.718750 835.937500 
503.906250 839.843750 
511.718750 835.937500 
503.906250 835.937500 
503.906250 835.937500 
507.812500 835.937500 
515.625000 835.937500 
503.906250 835.937500 
507.812500 835.937500 
507.812500 835.937500 
503.906250 835.937500 
515.625000 832.031250 
507.812500 835.937500 
507.812500 835.937500 
519.531250 832.031250 
511.718750 835.937500 
511.718750 835.937500 
511.718750 839.843750 
519.531250 835.937500 
519.531250 835.937500 
519.531250 835.937500 
515.625000 839.843750 
503.906250 839.843750 
511.718750 843.750000 
515.625000 843.750000 
511.718750 843.750000 
515.625000 843.750000 
503.906250 843.750000 
511.718750 847.656250 
515.625000 843.750000 
515.625000 843.750000 
519.531250 843.750000 
519.531250 843.750000 
519.531250 843.750000 
523.437500 839.843750 
515.625000 843.750000 
523.437500 843.750000 
511.718750 843.750000 
527.343750 839.843750 
527.343750 839.843750 
515.625000 843.750000 
523.437500 843.750000 
515.625000 843.750000 
523.437500 839.843750 
527.343750 839.843750 
527.343750 839.843750 
523.437500 843.750000 
527.343750 839.843750 
527.343750 839.843750 
515.625000 843.750000 
531.250000 839.843750 
519.531250 843.750000 
535.156250 839.843750 
519.531250 843.750000 
527.343750 843.750000 
531.250000 839.843750 
527.343750 843.750000 
531.250000 839.843750 
519.531250 843.750000 
527.343750 843.750000 
531.250000 843.750000 
519.531250 847.656250 
527.343750 847.656250 
523.437500 847.656250 
519.531250 847.656250 
527.343750 847.656250 
531.250000 843.750000 
531.250000 847.656250 
527.343750 847.656250 
535.156250 847.656250 
531.250000 847.656250 
539.062500 843.750000 
519.531250 847.656250 
539.062500 843.750000 
531.250000 847.656250 
539.062500 843.750000 
542.968750 843.750000 
546.875000 839.843750 
535.156250 843.750000 
527.343750 843.750000 
523.437500 843.750000 
531.250000 839.843750 
535.156250 839.843750 
527.343750 839.843750 
132.812500 507.812500 
500.000000 886.718750 
136.718750 578.125000 
515.625000 902.343750 
457.031250 1101.562500 
406.250000 1296.875000 
3.906250 386.718750 
429.687500 1054.687500 
492.187500 1070.312500 
445.312500 1296.875000 
335.937500 703.125000 
519.531250 1054.687500 
402.343750 625.000000 
429.687500 1226.562500 
378.906250 660.156250 
445.312500 1054.687500 
437.500000 1066.406250 
414.062500 648.437500 
3.906250 492.187500 
433.593750 1070.312500 
492.187500 1085.937500 
445.312500 1082.031250 
449.218750 1078.125000 
453.125000 664.062500 
511.718750 1101.562500 
453.125000 667.968750 
500.000000 1105.468750 
476.562500 1109.375000 
476.562500 675.781250 
527.343750 1121.093750 
484.375000 703.125000 
476.562500 734.375000 
546.875000 710.937500 
480.468750 746.093750 
500.000000 742.187500 
496.093750 742.187500 
496.093750 750.000000 
496.093750 757.812500 
515.625000 753.906250 
511.718750 753.906250 
500.000000 761.718750 
515.625000 753.906250 
507.812500 757.812500 
496.093750 757.812500 
500.000000 765.625000 
507.812500 742.187500 
527.343750 718.750000 
496.093750 785.156250 
500.000000 761.718750 
500.000000 773.437500 
507.812500 773.437500 
507.812500 765.625000 
515.625000 777.343750 
523.437500 773.437500 
515.625000 785.156250 
539.062500 773.437500 
515.625000 789.062500 
531.250000 781.250000 
515.625000 796.875000 
515.625000 804.687500 
515.625000 812.500000 
519.531250 812.500000 
539.062500 800.781250 
531.250000 808.593750 
523.437500 816.406250 
519.531250 824.218750 
527.343750 820.312500 
515.625000 832.031250 
519.531250 832.031250 
519.531250 835.937500 
531.250000 835.937500 
519.531250 843.750000 
542.968750 839.843750 
519.531250 851.562500 
523.437500 855.468750 
523.437500 855.468750 
531.250000 855.468750 
523.437500 859.375000 
519.531250 859.375000 
523.437500 855.468750 
531.250000 851.562500 
519.531250 851.562500 
523.437500 847.656250 
519.531250 847.656250 
523.437500 847.656250 
523.437500 847.656250 
558.593750 828.125000 
527.343750 851.562500 
523.437500 851.562500 
523.437500 851.562500 
523.437500 851.562500 
523.437500 855.468750 
550.781250 835.937500 
527.343750 847.656250 
535.156250 847.656250 
527.343750 847.656250 
527.343750 843.750000 
535.156250 839.843750 
527.343750 843.750000 
535.156250 843.750000 
523.437500 847.656250 
523.437500 847.656250 
527.343750 847.656250 
527.343750 851.562500 
539.062500 847.656250 
542.968750 847.656250 
531.250000 847.656250 
527.343750 847.656250 
535.156250 843.750000 
523.437500 851.562500 
531.250000 839.843750 
601.562500 792.968750 
535.156250 835.937500 
558.593750 816.406250 
527.343750 835.937500 
570.312500 800.781250 
523.437500 835.937500 
519.531250 839.843750 
519.531250 839.843750 
527.343750 839.843750 
519.531250 851.562500 
523.437500 847.656250 
519.531250 847.656250 
519.531250 847.656250 
519.531250 847.656250 
519.531250 843.750000 
523.437500 839.843750 
542.968750 804.687500 
121.093750 558.593750 
523.437500 828.125000 
523.437500 835.937500 
523.437500 824.218750 
527.343750 792.968750 
527.343750 804.687500 
523.437500 824.218750 
523.437500 816.406250 
527.343750 824.218750 
531.250000 789.062500 
519.531250 812.500000 
523.437500 789.062500 
539.062500 777.343750 
515.625000 785.156250 
496.093750 804.687500 
492.187500 781.250000 
503.906250 777.343750 
488.281250 812.500000 
496.093750 761.718750 
582.031250 1132.812500 
484.375000 777.343750 
527.343750 1156.250000 
460.937500 792.968750 
484.375000 1296.875000 
421.875000 781.250000 
550.781250 1265.625000 
460.937500 921.875000 
289.062500 597.656250 
410.156250 1292.968750 
433.593750 1058.593750 
375.000000 695.312500 
300.781250 691.406250 
453.125000 1046.875000 
320.312500 714.843750 
343.750000 671.875000 
339.843750 679.687500 
343.750000 703.125000 
359.375000 691.406250 
351.562500 703.125000 
386.718750 703.125000 
375.000000 718.750000 
386.718750 718.750000 
398.437500 730.468750 
414.062500 726.562500 
433.593750 734.375000 
437.500000 1164.062500 
453.125000 746.093750 
472.656250 738.281250 
476.562500 750.000000 
476.562500 765.625000 
472.656250 789.062500 
492.187500 773.437500 
496.093750 773.437500 
492.187500 761.718750 
488.281250 773.437500 
484.375000 781.250000 
496.093750 742.187500 
500.000000 757.812500 
496.093750 773.437500 
89.843750 515.625000 
496.093750 746.093750 
496.093750 773.437500 
500.000000 1187.500000 
500.000000 773.437500 
496.093750 792.968750 
511.718750 1199.218750 
503.906250 785.156250 
500.000000 808.593750 
503.906250 789.062500 
511.718750 769.531250 
507.812500 789.062500 
507.812500 800.781250 
511.718750 804.687500 
511.718750 816.406250 
523.437500 804.687500 
515.625000 828.125000 
535.156250 812.500000 
542.968750 816.406250 
523.437500 839.843750 
550.781250 824.218750 
542.968750 835.937500 
527.343750 847.656250 
546.875000 847.656250 
562.500000 839.843750 
539.062500 859.375000 
550.781250 855.468750 
546.875000 859.375000 
546.875000 867.187500 
542.968750 871.093750 
554.687500 871.093750 
535.156250 878.906250 
550.781250 882.812500 
539.062500 886.718750 
562.500000 882.812500 
550.781250 894.531250 
546.875000 898.437500 
558.593750 898.437500 
546.875000 906.250000 
546.875000 910.156250 
558.593750 914.062500 
550.781250 914.062500 
550.781250 917.968750 
550.781250 917.968750 
550.781250 917.968750 
550.781250 917.968750 
550.781250 917.968750 
558.593750 917.968750 
562.500000 917.968750 
554.687500 917.968750 
550.781250 914.062500 
554.687500 914.062500 
554.687500 917.968750 
550.781250 914.062500 
550.781250 914.062500 
554.687500 914.062500 
554.687500 914.062500 
550.781250 910.156250 
550.781250 910.156250 
554.687500 910.156250 
554.687500 910.156250 
554.687500 906.250000 
562.500000 902.343750 
550.781250 894.531250 
554.687500 886.718750 
570.312500 878.906250 
570.312500 871.093750 
570.312500 867.187500 
550.781250 886.718750 
566.406250 867.187500 
582.031250 851.562500 
558.593750 867.187500 
562.500000 863.281250 
589.843750 839.843750 
574.218750 855.468750 
539.062500 875.000000 
546.875000 867.187500 
546.875000 867.187500 
539.062500 871.093750 
562.500000 859.375000 
531.250000 867.187500 
535.156250 867.187500 
523.437500 867.187500 
523.437500 859.375000 
527.343750 843.750000 
531.250000 812.500000 
539.062500 1296.875000 
546.875000 1210.937500 
546.875000 781.250000 
539.062500 808.593750 
531.250000 808.593750 
523.437500 808.593750 
519.531250 828.125000 
531.250000 785.156250 
519.531250 800.781250 
687.500000 1214.843750 
507.812500 828.125000 
761.718750 1230.468750 
640.625000 1281.250000 
667.968750 1296.875000 
519.531250 832.031250 
464.843750 765.625000 
414.062500 1105.468750 
421.875000 1031.250000 
394.531250 988.281250 
437.500000 980.468750 
464.843750 957.031250 
429.687500 964.843750 
371.093750 1132.812500 
359.375000 988.281250 
316.406250 683.593750 
367.187500 1089.843750 
367.187500 1296.875000 
3.906250 398.437500 
3.906250 363.281250 
3.906250 371.093750 
359.375000 671.875000 
371.093750 683.593750 
375.000000 710.937500 
382.812500 707.031250 
386.718750 687.500000 
398.437500 710.937500 
406.250000 1246.093750 
433.593750 699.218750 
410.156250 718.750000 
410.156250 710.937500 
410.156250 1203.125000 
417.968750 734.375000 
414.062500 738.281250 
425.781250 734.375000 
425.781250 781.250000 
425.781250 1148.437500 
429.687500 1156.250000 
3.906250 429.687500 
437.500000 761.718750 
445.312500 765.625000 
449.218750 769.531250 
453.125000 769.531250 
457.031250 785.156250 
464.843750 781.250000 
468.750000 785.156250 
468.750000 769.531250 
468.750000 773.437500 
476.562500 1195.312500 
468.750000 777.343750 
472.656250 769.531250 
476.562500 789.062500 
480.468750 796.875000 
480.468750 753.906250 
488.281250 773.437500 
82.031250 488.281250 
78.125000 496.093750 
492.187500 800.781250 
500.000000 796.875000 
500.000000 812.500000 
503.906250 789.062500 
503.906250 808.593750 
507.812500 816.406250 
503.906250 812.500000 
101.562500 523.437500 
523.437500 796.875000 
523.437500 816.406250 
535.156250 1246.093750 
535.156250 1250.000000 
527.343750 824.218750 
527.343750 824.218750 
527.343750 832.031250 
527.343750 824.218750 
527.343750 832.031250 
531.250000 824.218750 
531.250000 828.125000 
527.343750 832.031250 
527.343750 832.031250 
531.250000 832.031250 
531.250000 832.031250 
535.156250 832.031250 
531.250000 839.843750 
535.156250 843.750000 
531.250000 839.843750 
535.156250 839.843750 
535.156250 839.843750 
550.781250 820.312500 
539.062500 832.031250 
535.156250 843.750000 
539.062500 835.937500 
539.062500 832.031250 
542.968750 824.218750 
531.250000 839.843750 
539.062500 824.218750 
535.156250 839.843750 
554.687500 804.687500 
535.156250 828.125000 
546.875000 816.406250 
554.687500 796.875000 
554.687500 796.875000 
550.781250 804.687500 
539.062500 832.031250 
550.781250 808.593750 
546.875000 816.406250 
539.062500 828.125000 
531.250000 832.031250 
539.062500 832.031250 
539.062500 816.406250 
531.250000 839.843750 
531.250000 832.031250 
531.250000 835.937500 
535.156250 839.843750 
531.250000 847.656250 
535.156250 855.468750 
535.156250 859.375000 
535.156250 859.375000 
535.156250 863.281250 
539.062500 855.468750 
535.156250 839.843750 
539.062500 843.750000 
539.062500 835.937500 
535.156250 839.843750 
535.156250 847.656250 
539.062500 839.843750 
539.062500 835.937500 
542.968750 835.937500 
546.875000 832.031250 
539.062500 835.937500 
554.687500 824.218750 
546.875000 828.125000 
542.968750 839.843750 
539.062500 847.656250 
535.156250 851.562500 
550.781250 832.031250 
539.062500 847.656250 
542.968750 847.656250 
546.875000 843.750000 
546.875000 847.656250 
539.062500 851.562500 
539.062500 851.562500 
546.875000 851.562500 
542.968750 847.656250 
546.875000 847.656250 
539.062500 855.468750 
542.968750 851.562500 
539.062500 855.468750 
546.875000 855.468750 
542.968750 859.375000 
542.968750 855.468750 
562.500000 832.031250 
546.875000 847.656250 
542.968750 863.281250 
546.875000 855.468750 
546.875000 855.468750 
550.781250 855.468750 
542.968750 859.375000 
546.875000 859.375000 
546.875000 859.375000 
546.875000 859.375000 
546.875000 859.375000 
546.875000 859.375000 
542.968750 859.375000 
542.968750 859.375000 
542.968750 855.468750 
546.875000 851.562500 
546.875000 851.562500 
542.968750 851.562500 
550.781250 843.750000 
546.875000 847.656250 
546.875000 851.562500 
554.687500 847.656250 
558.593750 839.843750 
558.593750 839.843750 
550.781250 851.562500 
546.875000 855.468750 
558.593750 847.656250 
562.500000 843.750000 
550.781250 867.187500 
562.500000 855.468750 
582.031250 808.593750 
593.750000 839.843750 
578.125000 835.937500 
554.687500 863.281250 
550.781250 855.468750 
546.875000 859.375000 
550.781250 855.468750 
554.687500 851.562500 
542.968750 851.562500 
550.781250 843.750000 
542.968750 835.937500 
542.968750 820.312500 
519.531250 820.312500 
507.812500 808.593750 
121.093750 531.250000 
125.000000 523.437500 
121.093750 554.687500 
109.375000 605.468750 
656.250000 1171.875000 
121.093750 699.218750 
539.062500 1042.968750 
511.718750 800.781250 
507.812500 789.062500 
496.093750 855.468750 
531.250000 1191.406250 
175.781250 507.812500 
500.000000 867.187500 
597.656250 1253.906250 
601.562500 890.625000 
476.562500 1285.156250 
398.437500 945.312500 
402.343750 929.687500 
386.718750 1296.875000 
46.875000 453.125000 
378.906250 929.687500 
335.937500 640.625000 
445.312500 945.312500 
531.250000 1011.718750 
503.906250 1148.437500 
273.437500 640.625000 
417.968750 945.312500 
503.906250 1265.625000 
382.812500 714.843750 
3.906250 460.937500 
347.656250 625.000000 
378.906250 957.031250 
347.656250 699.218750 
3.906250 417.968750 
445.312500 1097.656250 
417.968750 1062.500000 
417.968750 1296.875000 
433.593750 1089.843750 
445.312500 703.125000 
453.125000 1101.562500 
460.937500 738.281250 
472.656250 1136.718750 
468.750000 750.000000 
484.375000 718.750000 
484.375000 750.000000 
476.562500 777.343750 
484.375000 773.437500 
480.468750 785.156250 
488.281250 781.250000 
488.281250 796.875000 
492.187500 804.687500 
496.093750 800.781250 
496.093750 808.593750 
496.093750 812.500000 
500.000000 804.687500 
500.000000 816.406250 
507.812500 812.500000 
519.531250 804.687500 
507.812500 820.312500 
511.718750 832.031250 
519.531250 824.218750 
523.437500 832.031250 
535.156250 832.031250 
527.343750 847.656250 
519.531250 851.562500 
531.250000 855.468750 
531.250000 855.468750 
539.062500 851.562500 
523.437500 859.375000 
542.968750 851.562500 
535.156250 859.375000 
523.437500 859.375000 
535.156250 859.375000 
527.343750 867.187500 
531.250000 863.281250 
535.156250 867.187500 
546.875000 863.281250 
535.156250 871.093750 
527.343750 878.906250 
531.250000 871.093750 
546.875000 863.281250 
531.250000 871.093750 
531.250000 875.000000 
550.781250 867.187500 
535.156250 875.000000 
558.593750 867.187500 
542.968750 875.000000 
554.687500 867.187500 
535.156250 871.093750 
566.406250 859.375000 
550.781250 863.281250 
542.968750 863.281250 
554.687500 859.375000 
535.156250 855.468750 
546.875000 855.468750 
539.062500 855.468750 
535.156250 863.281250 
546.875000 855.468750 
535.156250 855.468750 
535.156250 859.375000 
562.500000 832.031250 
542.968750 847.656250 
535.156250 855.468750 
539.062500 851.562500 
539.062500 847.656250 
539.062500 843.750000 
535.156250 843.750000 
535.156250 843.750000 
542.968750 835.937500 
535.156250 855.468750 
539.062500 839.843750 
554.687500 832.031250 
546.875000 835.937500 
542.968750 839.843750 
535.156250 839.843750 
539.062500 839.843750 
539.062500 839.843750 
535.156250 835.937500 
539.062500 839.843750 
535.156250 832.031250 
546.875000 832.031250 
539.062500 835.937500 
542.968750 832.031250 
546.875000 824.218750 
546.875000 828.125000 
558.593750 820.312500 
550.781250 828.125000 
546.875000 824.218750 
539.062500 835.937500 
558.593750 820.312500 
574.218750 800.781250 
535.156250 855.468750 
550.781250 824.218750 
562.500000 808.593750 
546.875000 824.218750 
542.968750 828.125000 
554.687500 816.406250 
554.687500 816.406250 
554.687500 820.312500 
554.687500 816.406250 
542.968750 828.125000 
554.687500 816.406250 
574.218750 796.875000 
562.500000 812.500000 
582.031250 789.062500 
585.937500 1296.875000 
554.687500 816.406250 
585.937500 792.968750 
554.687500 816.406250 
550.781250 824.218750 
578.125000 804.687500 
554.687500 820.312500 
554.687500 824.218750 
582.031250 796.875000 
554.687500 824.218750 
574.218750 816.406250 
558.593750 839.843750 
562.500000 835.937500 
558.593750 843.750000 
582.031250 828.125000 
566.406250 839.843750 
542.968750 855.468750 
539.062500 851.562500 
531.250000 863.281250 
523.437500 847.656250 
523.437500 863.281250 
160.156250 539.062500 
531.250000 1296.875000 
140.625000 546.875000 
531.250000 1296.875000 
140.625000 542.968750 
535.156250 792.968750 
550.781250 1218.750000 
121.093750 558.593750 
527.343750 812.500000 
503.906250 839.843750 
515.625000 812.500000 
500.000000 824.218750 
500.000000 796.875000 
519.531250 781.250000 
433.593750 785.156250 
121.093750 593.750000 
546.875000 980.468750 
503.906250 1023.437500 
554.687500 1167.968750 
531.250000 1296.875000 
347.656250 578.125000 
312.500000 628.906250 
527.343750 1000.000000 
343.750000 636.718750 
3.906250 468.750000 
429.687500 1031.250000 
390.625000 625.000000 
375.000000 722.656250 
437.500000 1058.593750 
410.156250 1082.031250 
421.875000 1082.031250 
3.906250 433.593750 
429.687500 753.906250 
3.906250 457.031250 
441.406250 730.468750 
453.125000 1132.812500 
460.937500 1140.625000 
460.937500 714.843750 
58.593750 472.656250 
468.750000 753.906250 
472.656250 781.250000 
476.562500 1171.875000 
476.562500 1179.687500 
472.656250 757.812500 
476.562500 761.718750 
476.562500 769.531250 
476.562500 781.250000 
480.468750 789.062500 
484.375000 792.968750 
492.187500 804.687500 
496.093750 804.687500 
500.000000 800.781250 
500.000000 808.593750 
500.000000 808.593750 
507.812500 1230.468750 
503.906250 804.687500 
503.906250 808.593750 
507.812500 804.687500 
507.812500 808.593750 
511.718750 808.593750 
511.718750 808.593750 
511.718750 812.500000 
519.531250 781.250000 
519.531250 789.062500 
519.531250 812.500000 
519.531250 808.593750 
523.437500 804.687500 
519.531250 820.312500 
523.437500 816.406250 
519.531250 824.218750 
527.343750 812.500000 
519.531250 820.312500 
523.437500 820.312500 
535.156250 812.500000 
527.343750 820.312500 
523.437500 828.125000 
523.437500 824.218750 
527.343750 820.312500 
531.250000 816.406250 
523.437500 824.218750 
542.968750 796.875000 
527.343750 820.312500 
519.531250 835.937500 
531.250000 820.312500 
531.250000 816.406250 
523.437500 828.125000 
527.343750 828.125000 
531.250000 824.218750 
527.343750 835.937500 
539.062500 824.218750 
539.062500 832.031250 
542.968750 835.937500 
542.968750 847.656250 
542.968750 851.562500 
558.593750 832.031250 
550.781250 847.656250 
554.687500 851.562500 
542.968750 859.375000 
546.875000 859.375000 
546.875000 859.375000 
546.875000 867.187500 
562.500000 835.937500 
554.687500 855.468750 
550.781250 855.468750 
554.687500 855.468750 
554.687500 839.843750 
546.875000 855.468750 
562.500000 1277.343750 
554.687500 824.218750 
546.875000 839.843750 
550.781250 832.031250 
546.875000 832.031250 
546.875000 832.031250 
542.968750 843.750000 
566.406250 796.875000 
566.406250 1265.625000 
558.593750 824.218750 
542.968750 847.656250 
542.968750 835.937500 
542.968750 839.843750 
554.687500 820.312500 
562.500000 808.593750 
546.875000 832.031250 
550.781250 820.312500 
542.968750 832.031250 
539.062500 832.031250 
554.687500 820.312500 
539.062500 835.937500 
535.156250 851.562500 
539.062500 839.843750 
546.875000 824.218750 
566.406250 804.687500 
554.687500 824.218750 
550.781250 828.125000 
550.781250 828.125000 
562.500000 816.406250 
562.500000 816.406250 
574.218750 804.687500 
562.500000 820.312500 
558.593750 820.312500 
558.593750 816.406250 
562.500000 816.406250 
550.781250 824.218750 
582.031250 785.156250 
542.968750 824.218750 
554.687500 820.312500 
539.062500 843.750000 
570.312500 808.593750 
539.062500 843.750000 
542.968750 843.750000 
550.781250 828.125000 
621.093750 773.437500 
574.218750 804.687500 
546.875000 828.125000 
550.781250 828.125000 
535.156250 828.125000 
550.781250 816.406250 
531.250000 820.312500 
511.718750 820.312500 
500.000000 812.500000 
519.531250 765.625000 
125.000000 527.343750 
113.281250 523.437500 
519.531250 1296.875000 
550.781250 1160.156250 
539.062500 1125.000000 
621.093750 1148.437500 
453.125000 785.156250 
550.781250 1148.437500 
535.156250 1144.531250 
457.031250 800.781250 
492.187500 1171.875000 
621.093750 1269.531250 
480.468750 718.750000 
300.781250 648.437500 
433.593750 777.343750 
621.093750 1296.875000 
386.718750 828.125000 
390.625000 796.875000 
390.625000 777.343750 
394.531250 785.156250 
394.531250 785.156250 
398.437500 785.156250 
390.625000 785.156250 
421.875000 804.687500 
417.968750 808.593750 
406.250000 812.500000 
414.062500 820.312500 
425.781250 820.312500 
410.156250 828.125000 
429.687500 828.125000 
417.968750 828.125000 
421.875000 828.125000 
414.062500 839.843750 
410.156250 835.937500 
433.593750 832.031250 
421.875000 839.843750 
437.500000 828.125000 
417.968750 835.937500 
433.593750 835.937500 
437.500000 832.031250 
421.875000 832.031250 
429.687500 828.125000 
429.687500 828.125000 
437.500000 820.312500 
394.531250 863.281250 
433.593750 824.218750 
437.500000 820.312500 
429.687500 824.218750 
414.062500 859.375000 
421.875000 820.312500 
437.500000 812.500000 
433.593750 804.687500 
425.781250 816.406250 
429.687500 812.500000 
429.687500 820.312500 
425.781250 812.500000 
421.875000 816.406250 
417.968750 812.500000 
429.687500 804.687500 
425.781250 804.687500 
417.968750 808.593750 
410.156250 796.875000 
417.968750 796.875000 
410.156250 796.875000 
406.250000 792.968750 
414.062500 792.968750 
414.062500 792.968750 
414.062500 796.875000 
425.781250 804.687500 
410.156250 804.687500 
437.500000 800.781250 
414.062500 808.593750 
429.687500 800.781250 
417.968750 800.781250 
398.437500 796.875000 
417.968750 785.156250 
417.968750 785.156250 
402.343750 781.250000 
398.437500 781.250000 
402.343750 769.531250 
402.343750 792.968750 
410.156250 753.906250 
402.343750 773.437500 
410.156250 746.093750 
406.250000 746.093750 
449.218750 726.562500 
386.718750 753.906250 
390.625000 734.375000 
402.343750 703.125000 
417.968750 730.468750 
406.250000 726.562500 
417.968750 1230.468750 
375.000000 898.437500 
535.156250 1296.875000 
378.906250 1191.406250 
425.781250 808.593750 
3.906250 660.156250 
406.250000 1296.875000 
390.625000 750.000000 
414.062500 1296.875000 
398.437500 773.437500 
445.312500 1296.875000 
417.968750 781.250000 
402.343750 792.968750 
406.250000 796.875000 
414.062500 789.062500 
417.968750 792.968750 
410.156250 812.500000 
453.125000 789.062500 
429.687500 828.125000 
421.875000 828.125000 
429.687500 820.312500 
437.500000 816.406250 
421.875000 820.312500 
441.406250 824.218750 
437.500000 828.125000 
457.031250 832.031250 
441.406250 843.750000 
429.687500 843.750000 
421.875000 843.750000 
445.312500 839.843750 
433.593750 878.906250 
445.312500 843.750000 
437.500000 847.656250 
425.781250 839.843750 
449.218750 847.656250 
441.406250 867.187500 
468.750000 824.218750 
449.218750 843.750000 
449.218750 847.656250 
468.750000 835.937500 
449.218750 871.093750 
468.750000 832.031250 
441.406250 839.843750 
468.750000 835.937500 
453.125000 843.750000 
460.937500 839.843750 
441.406250 839.843750 
449.218750 839.843750 
464.843750 835.937500 
457.031250 839.843750 
468.750000 824.218750 
445.312500 839.843750 
457.031250 832.031250 
453.125000 835.937500 
464.843750 832.031250 
449.218750 832.031250 
449.218750 835.937500 
445.312500 843.750000 
445.312500 843.750000 
460.937500 828.125000 
441.406250 828.125000 
441.406250 824.218750 
449.218750 824.218750 
445.312500 824.218750 
437.500000 839.843750 
441.406250 820.312500 
433.593750 820.312500 
437.500000 820.312500 
437.500000 824.218750 
449.218750 816.406250 
410.156250 847.656250 
441.406250 832.031250 
433.593750 816.406250 
453.125000 812.500000 
429.687500 808.593750 
429.687500 816.406250 
437.500000 839.843750 
429.687500 812.500000 
445.312500 808.593750 
449.218750 804.687500 
425.781250 816.406250 
433.593750 820.312500 
417.968750 820.312500 
70.312500 453.125000 
433.593750 894.531250 
417.968750 808.593750 
429.687500 820.312500 
402.343750 859.375000 
425.781250 839.843750 
433.593750 804.687500 
433.593750 804.687500 
425.781250 800.781250 
394.531250 847.656250 
437.500000 773.437500 
484.375000 828.125000 
250.000000 523.437500 
414.062500 792.968750 
3.906250 449.218750 
425.781250 738.281250 
296.875000 671.875000 
425.781250 1296.875000 
503.906250 1125.000000 
652.343750 1285.156250 
503.906250 1113.281250 
386.718750 761.718750 
253.906250 1179.687500 
394.531250 1117.187500 
394.531250 1296.875000 
277.343750 746.093750 
355.468750 675.781250 
464.843750 1250.000000 
367.187500 703.125000 
382.812500 753.906250 
406.250000 722.656250 
402.343750 757.812500 
402.343750 792.968750 
417.968750 746.093750 
406.250000 773.437500 
457.031250 1160.156250 
414.062500 781.250000 
421.875000 781.250000 
445.312500 757.812500 
437.500000 796.875000 
445.312500 808.593750 
437.500000 820.312500 
441.406250 824.218750 
441.406250 824.218750 
441.406250 824.218750 
441.406250 824.218750 
445.312500 820.312500 
441.406250 820.312500 
445.312500 820.312500 
445.312500 828.125000 
441.406250 832.031250 
449.218750 839.843750 
453.125000 839.843750 
449.218750 847.656250 
468.750000 847.656250 
453.125000 855.468750 
453.125000 843.750000 
468.750000 847.656250 
460.937500 855.468750 
453.125000 855.468750 
457.031250 851.562500 
449.218750 851.562500 
457.031250 855.468750 
457.031250 855.468750 
453.125000 859.375000 
457.031250 863.281250 
457.031250 863.281250 
460.937500 859.375000 
453.125000 851.562500 
449.218750 859.375000 
464.843750 851.562500 
445.312500 847.656250 
460.937500 851.562500 
460.937500 847.656250 
453.125000 851.562500 
468.750000 832.031250 
460.937500 847.656250 
453.125000 847.656250 
449.218750 855.468750 
460.937500 851.562500 
425.781250 906.250000 
453.125000 855.468750 
460.937500 847.656250 
460.937500 847.656250 
453.125000 851.562500 
453.125000 851.562500 
449.218750 847.656250 
453.125000 847.656250 
460.937500 843.750000 
457.031250 851.562500 
457.031250 847.656250 
460.937500 855.468750 
464.843750 1000.000000 
457.031250 855.468750 
464.843750 851.562500 
476.562500 1003.906250 
457.031250 847.656250 
460.937500 847.656250 
457.031250 847.656250 
460.937500 847.656250 
460.937500 847.656250 
468.750000 843.750000 
457.031250 851.562500 
453.125000 855.468750 
449.218750 851.562500 
464.843750 851.562500 
437.500000 855.468750 
449.218750 863.281250 
429.687500 871.093750 
417.968750 863.281250 
425.781250 871.093750 
429.687500 863.281250 
421.875000 855.468750 
421.875000 859.375000 
421.875000 808.593750 
445.312500 1070.312500 
484.375000 1253.906250 
3.906250 417.968750 
453.125000 777.343750 
414.062500 773.437500 
449.218750 789.062500 
425.781250 800.781250 
425.781250 808.593750 
425.781250 800.781250 
429.687500 808.593750 
453.125000 769.531250 
421.875000 832.031250 
425.781250 820.312500 
488.281250 1281.250000 
375.000000 867.187500 
429.687500 824.218750 
3.906250 429.687500 
429.687500 796.875000 
421.875000 792.968750 
437.500000 855.468750 
457.031250 1175.781250 
437.500000 757.812500 
414.062500 796.875000 
441.406250 753.906250 
441.406250 773.437500 
347.656250 726.562500 
367.187500 992.187500 
468.750000 1156.250000 
406.250000 1136.718750 
332.031250 1214.843750 
296.875000 593.750000 
292.968750 710.937500 
300.781250 714.843750 
433.593750 1214.843750 
355.468750 640.625000 
535.156250 964.843750 
359.375000 714.843750 
367.187500 730.468750 
484.375000 1199.218750 
375.000000 757.812500 
386.718750 718.750000 
406.250000 703.125000 
425.781250 695.312500 
421.875000 742.187500 
437.500000 734.375000 
390.625000 792.968750 
457.031250 718.750000 
421.875000 777.343750 
445.312500 773.437500 
445.312500 777.343750 
433.593750 785.156250 
429.687500 789.062500 
433.593750 792.968750 
441.406250 796.875000 
441.406250 796.875000 
441.406250 796.875000 
445.312500 800.781250 
441.406250 804.687500 
460.937500 804.687500 
449.218750 820.312500 
453.125000 824.218750 
460.937500 824.218750 
457.031250 832.031250 
457.031250 832.031250 
464.843750 828.125000 
460.937500 832.031250 
457.031250 835.937500 
457.031250 835.937500 
457.031250 835.937500 
464.843750 835.937500 
457.031250 839.843750 
460.937500 843.750000 
453.125000 847.656250 
457.031250 851.562500 
464.843750 847.656250 
460.937500 851.562500 
464.843750 851.562500 
453.125000 855.468750 
425.781250 890.625000 
351.562500 679.687500 
464.843750 847.656250 
457.031250 855.468750 
464.843750 847.656250 
460.937500 851.562500 
460.937500 855.468750 
468.750000 851.562500 
472.656250 851.562500 
476.562500 851.562500 
468.750000 855.468750 
472.656250 851.562500 
468.750000 855.468750 
464.843750 855.468750 
488.281250 847.656250 
460.937500 855.468750 
449.218750 855.468750 
445.312500 855.468750 
464.843750 847.656250 
460.937500 847.656250 
464.843750 847.656250 
464.843750 855.468750 
445.312500 859.375000 
441.406250 851.562500 
460.937500 855.468750 
460.937500 859.375000 
476.562500 859.375000 
476.562500 863.281250 
480.468750 859.375000 
445.312500 878.906250 
476.562500 851.562500 
464.843750 859.375000 
472.656250 835.937500 
441.406250 847.656250 
445.312500 843.750000 
421.875000 894.531250 
417.968750 855.468750 
445.312500 824.218750 
421.875000 832.031250 
433.593750 742.187500 
414.062500 1203.125000 
425.781250 796.875000 
421.875000 777.343750 
414.062500 785.156250 
425.781250 804.687500 
402.343750 750.000000 
437.500000 761.718750 
445.312500 1296.875000 
406.250000 878.906250 
390.625000 769.531250 
421.875000 1207.031250 
406.250000 738.281250 
238.281250 585.937500 
339.843750 871.093750 
343.750000 804.687500 
429.687500 1296.875000 
406.250000 785.156250 
285.156250 738.281250 
343.750000 800.781250 
421.875000 777.343750 
3.906250 730.468750 
1292.968750 1296.875000 
